0.06;30380;1170;236
2.10;30370;1170;236
4.15;30370;1170;234
6.20;30370;1200;234
8.25;30370;1200;234
10.30;30370;970;234
12.34;30380;1020;232
14.39;30370;1000;232
16.44;30370;1000;232
18.49;30370;1020;232
20.54;30370;1000;230
22.58;30370;1020;230
24.63;30370;1000;230
26.68;30370;1020;230
28.73;30370;1020;229
30.78;30370;1000;229
32.82;30370;1000;229
34.87;30370;1000;229
36.92;30370;1100;228
38.97;30370;1100;228
41.02;30370;1100;228
43.06;30370;1100;228
45.11;30370;1100;228
47.16;30360;1100;228
49.21;30360;1100;228
51.26;30360;1100;228
53.30;30360;1100;227
55.35;30370;1020;227
57.40;30360;1000;227
59.45;30360;1000;227
61.50;30360;1000;227
63.54;30360;1000;227
65.59;30360;1000;227
67.64;30360;1020;227
69.69;30360;1020;227
71.74;30360;1000;227
73.78;30360;1000;227
75.83;30360;1000;227
77.88;30360;1020;227
79.93;30360;1020;227
81.98;30360;1020;227
84.02;30360;1020;227
86.07;30360;1020;227
88.12;30360;1020;227
90.17;30360;1040;227
92.22;30360;1020;227
94.26;30360;1040;227
96.31;30360;1070;227
98.36;30360;1070;227
100.41;30360;1170;227
102.46;30360;1220;227
104.50;30350;1270;227
106.55;30360;1140;227
108.60;30360;1170;227
110.65;30360;1170;227
112.70;30350;1170;227
114.74;30350;1170;227
116.79;30350;1170;227
118.84;30350;1170;227
120.89;30350;1200;227
122.94;30350;1170;227
124.98;30350;1290;227
127.03;30350;1290;227
129.08;30350;1250;227
131.13;30350;1290;227
133.18;30350;1200;227
135.22;30350;1170;227
137.27;30350;1170;227
139.32;30350;1170;227
141.37;30350;1320;227
143.42;30350;1220;227
145.46;30350;1200;227
147.51;30350;1170;227
149.56;30350;1170;227
151.61;30340;1600;227
153.66;30200;7620;227
155.70;30200;7370;227
157.75;30190;7290;227
159.80;28770;79970;227
161.85;28350;99800;227
163.90;27780;118310;227
165.94;27800;107850;227
167.99;27370;127260;227
170.04;27570;109950;227
172.09;27400;116310;227
174.14;27210;122090;227
176.18;27720;85600;229
178.23;27500;92950;229
180.28;28390;47160;229
182.33;28500;45560;229
184.38;28770;32000;233
186.42;28970;26320;233
188.47;29100;21630;233
190.52;29190;18480;233
192.57;29270;16000;239
194.62;29290;16950;239
196.66;29300;18570;239
198.71;29240;22450;239
200.76;29230;22530;244
202.81;29330;17830;244
204.86;29370;15180;244
206.90;29460;12670;244
208.95;29430;16900;249
211.00;29350;21150;249
213.05;29440;15470;249
215.10;29520;10520;249
217.14;29550;11680;252
219.19;29530;14550;252
221.24;29730;1500;252
223.29;29680;5280;252
225.34;29690;5770;255
227.38;29690;6850;255
229.43;29680;7830;255
231.48;29660;9350;255
233.53;29660;9770;257
235.58;29650;10050;257
237.62;29650;10950;257
239.67;29640;11100;257
241.72;29640;11200;259
243.77;29640;11300;259
245.82;29480;16320;259
247.86;29210;32980;259
249.91;29350;23630;260
251.96;29390;21150;260
254.01;29350;26000;260
256.06;29370;20750;260
258.10;29470;15500;261
260.15;29470;15730;261
262.20;29470;16130;261
264.25;29430;18450;261
266.30;29390;20050;262
268.34;29400;18970;262
270.39;29400;19830;262
272.44;29400;18250;262
274.49;29410;17920;263
276.54;29410;17950;263
278.58;29390;18350;263
280.63;29400;17950;263
282.68;29410;17300;264
284.73;29400;18380;264
286.78;29410;16320;264
288.82;29430;14250;264
290.87;29400;24450;264
292.92;29190;28310;264
294.97;29190;21030;264
297.02;29540;1900;264
299.06;29560;6230;265
301.11;29550;7870;265
303.16;29550;8850;265
305.21;29550;9470;265
307.26;29550;9470;266
309.30;29560;8880;266
311.35;29560;9100;266
313.40;29560;9830;266
315.45;29550;10300;266
317.50;29540;10970;266
319.54;29540;10720;266
321.59;29540;10920;266
323.64;29530;10950;267
325.69;29530;10950;267
327.74;29540;10750;267
329.78;29540;10780;267
331.83;29540;10640;267
333.88;29550;9800;267
335.93;29560;9440;267
337.98;29560;9170;267
340.02;29560;9120;268
342.07;29570;8700;268
344.12;29580;8170;268
346.17;29590;7440;268
348.22;29600;7100;268
350.26;29610;7170;268
352.31;29600;7290;268
354.36;29620;6600;268
356.41;29640;5370;268
358.46;29650;4850;268
360.50;29670;3870;268
362.55;29670;3950;268
364.60;29670;4670;268
366.65;29650;5420;268
368.70;29650;6200;268
370.74;29630;6570;268
372.79;29630;6550;269
374.84;29650;5350;269
376.89;29650;5350;269
378.94;29670;4170;269
380.98;29680;3900;269
383.03;29690;3500;269
385.08;29690;3600;269
387.13;29690;3540;269
389.18;29700;3280;269
391.22;29700;3280;269
393.27;29700;3650;269
395.32;29690;4600;269
397.37;29690;4550;269
399.42;29690;4820;269
401.46;29670;5680;269
403.51;29660;5440;269
405.56;29660;5500;269
407.61;29660;5600;269
409.66;29660;5470;269
411.70;29650;5750;269
413.75;29660;5350;269
415.80;29650;5800;269
417.85;29650;5830;269
419.90;29650;5690;269
421.94;29660;4950;269
423.99;29660;4850;269
426.04;29660;4920;269
428.09;29660;4770;269
430.14;29660;4620;269
432.18;29670;4080;269
434.23;29680;3500;269
436.28;29690;3520;269
438.33;29680;3770;269
440.38;29690;3440;269
442.42;29700;2820;269
444.47;29700;3000;269
446.52;29700;3220;269
448.57;29710;2420;269
450.62;29720;2090;269
452.66;29730;1540;269
454.71;29730;1750;269
456.76;29730;1840;269
458.81;29730;2080;269
460.86;29730;1940;269
462.90;29730;2050;269
464.95;29730;2150;269
467.00;29720;2950;269
469.05;29710;2890;269
471.10;29710;14020;269
473.14;29240;28480;269
475.19;29270;23920;269
477.24;29400;14930;269
479.29;29270;20850;269
481.34;29250;23550;269
483.38;29320;14880;269
485.43;29580;3370;269
487.48;29560;4200;269
489.53;29570;4270;269
491.58;29570;4750;269
493.62;29570;5290;270
495.67;29570;5520;270
497.72;29560;6120;270
499.77;29550;6630;270
501.82;29540;7370;270
503.86;29530;8230;270
505.91;29530;7770;270
507.96;29540;7000;270
510.01;29550;6670;270
512.06;29550;6920;270
514.10;29550;6670;270
516.15;29550;6640;270
518.20;29540;6800;270
520.25;29550;6920;270
522.30;29550;6400;270
524.34;29560;5840;270
526.39;29560;6300;270
528.44;29550;6800;270
530.49;29540;7280;270
532.54;29530;7680;270
534.58;29520;8080;270
536.63;29530;7400;270
538.68;29520;7870;270
540.73;29510;8300;271
542.78;29510;7870;271
544.82;29520;7120;271
546.87;29530;6480;271
548.92;29530;6300;271
550.97;29540;5830;271
553.02;29550;5680;271
555.06;29550;5550;271
557.11;29550;5830;271
559.16;29550;6080;271
561.21;29550;5550;271
563.26;29570;4150;271
565.30;29590;3170;271
567.35;29600;3220;271
569.40;29610;2640;271
571.45;29610;2600;271
573.50;29620;2370;271
575.54;29620;2200;271
577.59;29630;2020;271
579.64;29630;1920;271
581.69;29650;800;271
583.74;29640;1350;271
585.78;29650;1250;271
587.83;29650;1290;271
589.88;29650;1500;271
591.93;29650;1370;271
593.98;29660;1250;271
596.02;29660;1220;271
598.07;29660;1220;271
600.12;29660;1270;271
602.17;29660;1220;271
604.22;29660;1200;271
606.26;29660;1290;271
608.31;29660;1400;271
610.36;29660;1200;271
612.41;29670;1440;271
614.46;29670;1200;271
616.50;29670;1440;271
618.55;29670;1320;271
620.60;29670;1540;271
622.65;29650;2080;271
624.70;29640;2920;271
626.74;29630;3570;271
628.79;29620;4350;271
630.84;29590;5070;271
632.89;29580;5970;271
634.94;29570;6550;271
636.98;29550;7220;271
639.03;29540;7400;271
641.08;29530;7900;271
643.13;29510;8670;271
645.18;29490;9500;271
647.22;28980;38110;271
649.27;29010;33380;271
651.32;29080;26430;271
653.37;29160;20750;271
655.42;29200;18450;271
657.46;29230;16700;271
659.51;29230;15580;271
661.56;29280;12170;271
663.61;29310;10750;271
665.66;29340;12550;271
667.70;29450;2670;271
669.75;29450;3970;271
671.80;29450;3680;271
673.85;29460;3620;271
675.90;29470;3600;271
677.94;29490;3070;272
679.99;29500;2770;272
682.04;29500;3370;272
684.09;29490;3870;272
686.14;29480;5200;272
688.18;29470;5650;272
690.23;29460;6050;272
692.28;29450;6770;272
694.33;29440;7000;272
696.38;29450;6720;272
698.42;29430;7400;272
700.47;29420;8120;272
702.52;29410;8550;272
704.57;29410;8100;272
706.62;29420;7150;272
708.66;29430;6550;272
710.71;29440;6270;272
712.76;29440;6080;272
714.81;29430;6520;272
716.86;29420;7800;272
718.90;29420;7370;273
720.95;29430;6520;273
723.00;29430;6420;273
725.05;29430;6550;273
727.10;29430;6700;273
729.14;29420;7290;273
731.19;29410;7370;273
733.24;29410;7250;273
735.29;29410;7290;273
737.34;29410;7250;273
739.38;29400;7470;273
741.43;29390;8420;273
743.48;29380;8820;273
745.53;29370;8750;273
747.58;29370;8700;273
749.62;29390;6490;273
751.67;29400;6240;273
753.72;29420;5520;273
755.77;29430;4770;273
757.82;29450;4050;273
759.86;29460;3600;273
761.91;29460;3220;273
763.96;29470;3100;273
766.01;29470;3320;273
768.06;29460;4270;273
770.10;29450;4480;273
772.15;29450;4570;273
774.20;29440;5420;273
776.25;29430;5680;273
778.30;29420;6350;273
780.34;29410;6850;273
782.39;29400;7280;273
784.44;29390;7700;273
786.49;29370;8320;273
788.54;29370;8520;273
790.58;29340;9650;273
792.63;29340;9580;273
794.68;29330;9620;273
796.73;29330;9800;273
798.78;29320;9620;273
800.82;29320;9100;273
802.87;29320;9120;273
804.92;29320;9280;273
806.97;29320;9470;273
809.02;29300;9830;273
811.06;29290;10170;273
813.11;29290;10100;273
815.16;29290;10170;273
817.21;29280;10420;273
819.26;29270;10670;273
821.30;29260;11120;273
823.35;29260;10750;273
825.40;29260;10200;273
827.45;29260;10270;273
829.50;29270;9600;273
831.54;29270;9430;273
833.59;29270;9430;273
835.64;29260;9550;273
837.69;29260;9320;273
839.74;29270;8880;274
841.78;29290;8050;274
843.83;29300;7250;274
845.88;29310;6090;274
847.93;29330;5520;274
849.98;29330;5320;274
852.02;29340;5170;274
854.07;29350;5040;274
856.12;29360;3840;274
858.17;29370;3540;274
860.22;29370;3680;274
862.26;29380;3600;274
864.31;29380;3950;274
866.36;29370;4320;274
868.41;29370;4520;274
870.46;29370;4320;274
872.50;29380;4240;274
874.55;29380;4150;274
876.60;29380;4200;274
878.65;29370;4370;274
880.70;29370;4480;274
882.74;29370;4600;274
884.79;29360;4880;274
886.84;29350;5750;274
888.89;29340;6230;274
890.94;29320;6970;274
892.98;29320;7500;274
895.03;29310;7070;274
897.08;29320;6750;274
899.13;29320;6700;274
901.18;29310;6890;274
903.22;29300;7430;274
905.27;29290;7870;274
907.32;29280;8500;274
909.37;29270;9070;274
911.42;29250;10100;274
913.46;29240;10780;274
915.51;29210;11180;274
917.56;29210;10900;274
919.61;29200;11120;274
921.66;29180;11870;274
923.70;29180;12000;274
925.75;29170;12000;274
927.80;29170;11830;274
929.85;29170;11300;274
931.90;29150;11920;274
933.94;29150;11900;274
935.99;29150;11870;274
938.04;29140;11950;274
940.09;29140;11870;274
942.14;29130;12080;274
944.18;29130;12120;274
946.23;29130;11550;274
948.28;29140;10570;274
950.33;29160;9220;274
952.38;29180;8450;275
954.42;29170;8670;275
956.47;29170;8630;275
958.52;29170;9000;275
960.57;29170;9040;275
962.62;29160;9170;275
964.66;29160;9350;275
966.71;29160;9720;275
968.76;29170;8630;275
970.81;29160;9100;275
972.86;29160;9400;275
974.90;29150;9840;275
976.95;29150;9430;275
979.00;29160;8820;275
981.05;29150;8950;275
983.10;29150;8950;275
985.14;29150;8920;275
987.19;29150;9200;275
989.24;29150;8950;275
991.29;29150;8750;275
993.34;29140;9200;275
995.38;29130;9600;275
997.43;29130;10050;275
999.48;29110;10750;275
1001.53;29090;11520;275
1003.58;29090;11450;275
1005.62;29090;11300;275
1007.67;29100;10550;275
1009.72;29090;10720;276
1011.77;29090;10800;276
1013.82;29090;10500;276
1015.86;29100;9980;276
1017.91;29100;9720;276
1019.96;29100;9550;276
1022.01;29090;9950;276
1024.06;29090;10000;276
1026.10;29090;9720;276
1028.15;29090;9620;276
1030.20;29080;9800;276
1032.25;29080;9980;276
1034.30;29070;10300;276
1036.34;29070;10400;276
1038.39;29070;10350;276
1040.44;29060;10400;276
1042.49;29050;10920;276
1044.54;29040;11430;276
1046.58;29040;11000;276
1048.63;29040;10600;276
1050.68;29040;10780;276
1052.73;29040;10820;276
1054.78;29040;11000;276
1056.82;29040;10400;276
1058.87;29050;9950;276
1060.92;29050;9650;276
1062.97;29050;9350;276
1065.02;29060;9170;277
1067.06;29060;8920;277
1069.11;29050;9320;277
1071.16;29050;9750;277
1073.21;29040;9920;277
1075.26;29030;10200;277
1077.30;29030;10450;277
1079.35;29020;10670;277
1081.40;29020;10630;277
1083.45;29020;10450;277
1085.50;29010;10630;277
1087.54;29010;10640;277
1089.59;29000;11070;277
1091.64;28990;11720;277
1093.69;28980;11950;277
1095.74;28970;12020;277
1097.78;28970;11900;277
1099.83;28970;11900;277
1101.88;28970;12170;277
1103.93;28960;11830;277
1105.98;28960;11600;277
1108.02;28960;11720;277
1110.07;28950;12080;277
1112.12;28940;12200;277
1114.17;28950;11900;278
1116.22;28940;12000;278
1118.26;28940;11750;278
1120.31;28940;11870;278
1122.36;28930;12000;278
1124.41;28930;12150;278
1126.46;28930;12100;278
1128.50;28920;12170;278
1130.55;28920;12080;278
1132.60;28910;12150;278
1134.65;28910;12120;278
1136.70;28920;12400;278
1138.74;28910;11870;278
1140.79;28910;12080;278
1142.84;28900;12100;278
1144.89;28900;11830;278
1146.94;28890;12270;278
1148.98;28890;12080;278
1151.03;28890;11830;278
1153.08;28900;11320;278
1155.13;28910;10750;278
1157.18;28920;10100;278
1159.22;28920;10050;278
1161.27;28930;9120;278
1163.32;28940;8900;279
1165.37;28940;8640;279
1167.42;28950;7500;279
1169.46;28970;6950;279
1171.51;28980;6350;279
1173.56;28990;6240;279
1175.61;28990;6270;279
1177.66;28990;6270;279
1179.70;28990;6320;279
1181.75;28990;6720;279
1183.80;28980;7280;279
1185.85;28980;7830;279
1187.90;28980;7280;279
1189.94;28980;7620;279
1191.99;28970;7550;279
1194.04;28970;7500;279
1196.09;28970;7150;279
1198.14;28970;7350;279
1200.18;28970;7570;279
1202.23;28960;8550;279
1204.28;28950;8640;280
1206.33;28950;8720;280
1208.38;28950;8270;280
1210.42;28950;8450;280
1212.47;28950;8050;280
1214.52;28950;8000;280
1216.57;28940;8400;280
1218.62;28930;9170;280
1220.66;28920;9800;280
1222.71;28900;10450;280
1224.76;28890;11200;280
1226.81;28880;11250;280
1228.86;28880;10950;280
1230.90;28880;10920;280
1232.95;28870;11000;280
1235.00;28870;11200;280
1237.05;28870;10570;280
1239.10;28860;10820;280
1241.14;28860;10670;280
1243.19;28860;10270;280
1245.24;28860;10480;280
1247.29;28860;10550;280
1249.34;28860;10350;280
1251.38;28860;9750;280
1253.43;28870;9520;280
1255.48;28870;9320;280
1257.53;28870;9040;280
1259.58;28870;9120;280
1261.62;28870;8820;280
1263.67;28870;9030;280
1265.72;28870;9170;280
1267.77;28860;9620;280
1269.82;28850;10350;280
1271.86;28840;10480;280
1273.91;28840;10020;280
1275.96;28840;10170;281
1278.01;28840;9980;281
1280.06;28840;10200;281
1282.10;28830;10450;281
1284.15;28830;10380;281
1286.20;28820;10350;281
1288.25;28830;10000;281
1290.30;28830;10020;281
1292.34;28820;9900;281
1294.39;28820;10780;281
1296.44;28800;11100;281
1298.49;28800;10750;281
1300.54;28800;10640;281
1302.58;28800;10230;281
1304.63;28810;9400;281
1306.68;28830;8720;281
1308.73;28830;8700;281
1310.78;28820;9100;281
1312.82;28820;8900;281
1314.87;28830;8400;281
1316.92;28830;8370;281
1318.97;28820;8770;281
1321.02;28820;8950;281
1323.06;28820;8880;281
1325.11;28820;9100;281
1327.16;28810;9040;281
1329.21;28810;9000;281
1331.26;28810;8700;281
1333.30;28820;8570;282
1335.35;28820;8200;282
1337.40;28830;7430;282
1339.45;28830;7700;282
1341.50;28830;7800;282
1343.54;28830;7600;282
1345.59;28840;6800;282
1347.64;28850;6170;282
1349.69;28860;5750;282
1351.74;28860;5750;282
1353.78;28860;5920;282
1355.83;28860;5920;282
1357.88;28860;6320;282
1359.93;28860;6400;282
1361.98;28850;6890;282
1364.02;28840;7680;282
1366.07;28830;7620;282
1368.12;28830;7920;282
1370.17;28820;8100;282
1372.22;28810;8500;282
1374.26;28800;9470;282
1376.31;28790;9700;282
1378.36;28780;9980;282
1380.41;28780;10080;282
1382.46;28770;10400;282
1384.50;28750;10820;282
1386.55;28750;10640;282
1388.60;28760;10080;282
1390.65;28750;10000;282
1392.70;28760;9220;282
1394.74;28760;9550;282
1396.79;28760;9440;282
1398.84;28760;8920;282
1400.89;28760;9070;282
1402.94;28750;9250;282
1404.98;28750;8820;283
1407.03;28760;8420;283
1409.08;28780;7680;283
1411.13;28780;7290;283
1413.18;28780;7470;283
1415.22;28780;7430;283
1417.27;28790;6920;283
1419.32;28790;7000;283
1421.37;28790;6820;283
1423.42;28790;6520;283
1425.46;28790;6700;283
1427.51;28790;6570;283
1429.56;28780;7170;283
1431.61;28780;7500;283
1433.66;28780;7720;283
1435.70;28770;7840;283
1437.75;28760;8320;283
1439.80;28760;8450;283
1441.85;28750;8370;283
1443.90;28750;8850;283
1445.94;28740;8970;283
1447.99;28740;9040;283
1450.04;28730;9030;283
1452.09;28730;9030;283
1454.14;28730;9120;283
1456.18;28720;9320;283
1458.23;28720;9220;283
1460.28;28710;9440;283
1462.33;28710;9620;283
1464.38;28700;10230;283
1466.42;28690;10780;283
1468.47;28680;11150;283
1470.52;28660;11600;283
1472.57;28650;11920;283
1474.62;28650;12150;283
1476.66;28640;11850;283
1478.71;28630;11980;284
1480.76;28640;11600;284
1482.81;28640;11120;284
1484.86;28640;10950;284
1486.90;28630;11370;284
1488.95;28630;11520;284
1491.00;28620;11430;284
1493.05;28620;11250;284
1495.10;28620;11100;284
1497.14;28620;11220;284
1499.19;28610;11520;284
1501.24;28600;11870;284
1503.29;28600;11870;284
1505.34;28590;11870;284
1507.38;28590;11900;284
1509.43;28580;12300;284
1511.48;28580;12420;284
1513.53;28570;12500;284
1515.58;28570;12020;284
1517.62;28570;12150;284
1519.67;28570;12080;284
1521.72;28580;10950;284
1523.77;28590;10350;284
1525.82;28590;9750;285
1527.86;28600;9520;285
1529.91;28600;9170;285
1531.96;28620;8450;285
1534.01;28620;8150;285
1536.06;28630;7900;285
1538.10;28630;7970;285
1540.15;28630;7830;285
1542.20;28630;7680;285
1544.25;28630;7500;285
1546.30;28650;6750;285
1548.34;28650;6450;285
1550.39;28660;6480;285
1552.44;28660;6150;285
1554.49;28670;5680;285
1556.54;28680;4970;285
1558.58;28690;4520;285
1560.63;28700;4400;285
1562.68;28700;4720;285
1564.73;28700;4850;285
1566.78;28700;5290;285
1568.82;28690;5600;285
1570.87;28700;5250;285
1572.92;28700;5220;285
1574.97;28700;5420;285
1577.02;28700;5350;285
1579.06;28690;5500;285
1581.11;28690;5600;285
1583.16;28690;5950;285
1585.21;28680;6080;285
1587.26;28690;5420;285
1589.30;28690;5680;285
1591.35;28690;5650;285
1593.40;28690;5350;285
1595.45;28700;5220;285
1597.50;28690;5680;285
1599.54;28690;5970;286
1601.59;28680;5870;286
1603.64;28680;5920;286
1605.69;28690;5280;286
1607.74;28690;5440;286
1609.78;28690;5100;286
1611.83;28700;4950;286
1613.88;28700;4800;286
1615.93;28690;5150;286
1617.98;28690;5350;286
1620.02;28680;5720;286
1622.07;28680;6170;286
1624.12;28660;7040;286
1626.17;28650;7170;286
1628.22;28640;7720;286
1630.26;28630;8370;286
1632.31;28620;9000;286
1634.36;28610;8820;286
1636.41;28610;8820;286
1638.46;28610;8630;286
1640.50;28610;8420;286
1642.55;28600;8640;286
1644.60;28600;8950;286
1646.65;28580;9220;286
1648.70;28570;9700;286
1650.74;28570;9950;286
1652.79;28560;9750;286
1654.84;28550;10100;9999
1656.89;28540;10240;286
1658.94;28550;9950;286
1660.98;28550;9350;286
1663.03;28550;9120;286
1665.08;28550;8950;286
1667.13;28550;8800;286
1669.18;28550;8600;286
1671.22;28560;8100;286
1673.27;28560;8100;286
1675.32;28560;8020;286
1677.37;28560;7950;286
1679.42;28560;7750;286
1681.46;28560;7550;286
1683.51;28570;7280;286
1685.56;28570;7440;286
1687.61;28570;7000;286
1689.66;28570;7070;286
1691.70;28580;6570;286
1693.75;28580;6770;286
1695.80;28570;7000;287
1697.85;28570;7070;287
1699.90;28570;7170;287
1701.94;28560;7430;287
1703.99;28560;7680;287
1706.04;28560;7400;287
1708.09;28560;7770;287
1710.14;28540;8230;287
1712.18;28540;8630;287
1714.23;28530;8900;287
1716.28;28530;8950;287
1718.33;28520;9320;287
1720.38;28520;9100;287
1722.42;28520;9170;287
1724.47;28510;9280;287
1726.52;28510;9070;287
1728.57;28500;9200;287
1730.62;28500;9200;287
1732.66;28500;9600;287
1734.71;28480;10100;287
1736.76;28470;10230;287
1738.81;28470;10270;287
1740.86;28470;10380;287
1742.90;28460;10500;287
1744.95;28460;10420;287
1747.00;28450;10700;287
1749.05;28440;11040;287
1751.10;28430;11120;287
1753.14;28430;11100;287
1755.19;28430;11180;287
1757.24;28430;10880;287
1759.29;28420;10880;287
1761.34;28420;10850;287
1763.38;28410;11120;287
1765.43;28430;9900;287
1767.48;28420;10020;287
1769.53;28420;10400;287
1771.58;28430;9430;287
1773.62;28430;9000;287
1775.67;28440;8670;287
1777.72;28450;7870;288
1779.77;28450;8050;288
1781.82;28440;8450;288
1783.86;28440;8600;288
1785.91;28440;8630;288
1787.96;28440;8270;288
1790.01;28440;8270;288
1792.06;28440;8450;288
1794.10;28430;8900;288
1796.15;28430;9150;288
1798.20;28430;9000;288
1800.25;28430;8720;288
1802.30;28440;7700;288
1804.34;28450;7290;288
1806.39;28450;7070;288
1808.44;28460;6970;288
1810.49;28460;7000;288
1812.54;28460;6920;288
1814.58;28460;6970;288
1816.63;28460;6550;288
1818.68;28470;6320;288
1820.73;28470;6300;288
1822.78;28460;6800;288
1824.82;28460;7250;288
1826.87;28450;7620;288
1828.92;28440;7970;288
1830.97;28440;8550;288
1833.02;28420;9150;289
1835.06;28410;9470;289
1837.11;28410;9470;289
1839.16;28410;9320;289
1841.21;28410;9030;289
1843.26;28410;8950;289
1845.30;28410;8700;289
1847.35;28410;8720;289
1849.40;28390;9220;289
1851.45;28390;9120;289
1853.50;28380;9600;289
1855.54;28380;9750;289
1857.59;28370;10270;289
1859.64;28360;10100;289
1861.69;28360;10380;289
1863.74;28340;11200;289
1865.78;28320;12380;289
1867.83;28320;11680;289
1869.88;28310;12020;289
1871.93;28310;12170;289
1873.98;28310;12020;289
1876.02;28300;11920;289
1878.07;28300;12120;289
1880.12;28290;12300;289
1882.17;28290;12250;289
1884.22;28280;12320;289
1886.26;28280;12380;289
1888.31;28270;12480;289
1890.36;28270;12250;289
1892.41;28260;12380;289
1894.46;28260;12270;289
1896.50;28260;12350;289
1898.55;28250;12400;290
1900.60;28250;12420;290
1902.65;28250;12200;290
1904.70;28250;11900;290
1906.74;28240;12230;290
1908.79;28250;11920;290
1910.84;28260;11070;290
1912.89;28230;12480;290
1914.94;28230;12300;290
1916.98;28230;12400;290
1919.03;28230;12350;290
1921.08;28220;12550;290
1923.13;28220;12250;290
1925.18;28220;11770;290
1927.22;28220;12230;290
1929.27;28210;12520;290
1931.32;28210;12320;290
1933.37;28210;12320;290
1935.42;28210;12400;290
1937.46;28210;12080;290
1939.51;28200;12400;291
1941.56;28200;12080;291
1943.61;28190;12570;291
1945.66;28190;12480;291
1947.70;28190;12450;291
1949.75;28180;12630;291
1951.80;28180;12570;291
1953.85;28180;12320;291
1955.90;28180;12350;291
1957.94;28170;12630;291
1959.99;28170;12570;291
1962.04;28170;12420;291
1964.09;28160;12670;291
1966.14;28160;12600;291
1968.18;28170;12350;291
1970.23;28170;12270;291
1972.28;28180;11320;292
1974.33;28180;10820;292
1976.38;28190;10270;292
1978.42;28190;10230;292
1980.47;28190;10270;292
1982.52;28200;9830;292
1984.57;28200;9400;292
1986.62;28210;8900;292
1988.66;28210;9370;292
1990.71;28200;9700;292
1992.76;28200;10000;292
1994.81;28190;10420;293
1996.86;28190;10720;293
1998.90;28180;10820;293
2000.95;28170;11430;293
2003.00;28170;11430;293
2005.05;28170;11220;293
2007.10;28160;11120;293
2009.14;28170;10480;293
2011.19;28170;10420;293
2013.24;28170;10150;293
2015.29;28180;10050;293
2017.34;28180;10120;293
2019.38;28190;9030;294
2021.43;28190;9040;294
2023.48;28190;9150;294
2025.53;28180;9170;294
2027.58;28180;9770;294
2029.62;28170;10670;294
2031.67;28160;10950;294
2033.72;28160;10640;294
2035.77;28160;10630;294
2037.82;28150;10600;294
2039.86;28150;10230;294
2041.91;28160;10400;294
2043.96;28150;10640;294
2046.01;28150;10630;294
2048.06;28150;10320;294
2050.10;28150;10350;294
2052.15;28150;10300;295
2054.20;28140;10520;295
2056.25;28140;10570;295
2058.30;28140;10230;295
2060.34;28150;9700;295
2062.39;28150;9700;295
2064.44;28150;8920;295
2066.49;28160;8050;295
2068.54;28180;7400;295
2070.58;28190;7280;295
2072.63;28180;7650;295
2074.68;28180;8080;295
2076.73;28180;7800;296
2078.78;28180;7370;296
2080.82;28180;7720;296
2082.87;28180;7650;296
2084.92;28180;7550;296
2086.97;28190;7400;296
2089.02;28180;7290;296
2091.06;28190;6770;296
2093.11;28210;6170;296
2095.16;28210;5690;296
2097.21;28220;5400;296
2099.26;28230;4750;296
2101.30;28240;4600;297
2103.35;28240;3870;297
2105.40;28250;4000;297
2107.45;28250;4550;297
2109.50;28230;5620;297
2111.54;28230;5690;297
2113.59;28230;5320;297
2115.64;28230;6080;297
2117.69;28230;5650;297
2119.74;28230;5770;297
2121.78;28230;6000;297
2123.83;28230;5320;297
2125.88;28240;5200;297
2127.93;28230;5550;297
2129.98;28220;6230;297
2132.02;28220;6750;297
2134.07;28210;7120;297
2136.12;28200;7370;297
2138.17;28190;7830;297
2140.22;28190;8000;297
2142.26;28180;8370;297
2144.31;28170;8550;297
2146.36;28170;8240;297
2148.41;28170;7830;298
2150.46;28170;8120;298
2152.50;28160;8170;298
2154.55;28160;8520;298
2156.60;28140;9030;298
2158.65;28140;9150;298
2160.70;28140;8800;298
2162.74;28140;8720;298
2164.79;28140;8800;298
2166.84;28130;9000;298
2168.89;28120;9830;298
2170.94;28110;10000;298
2172.98;28100;10200;298
2175.03;28100;9840;298
2177.08;28100;9700;298
2179.13;28100;9840;298
2181.18;28090;9720;298
2183.22;28090;10270;298
2185.27;28080;10520;298
2187.32;28070;11040;298
2189.37;28060;10920;298
2191.42;28060;10880;298
2193.46;28060;10800;298
2195.51;28060;10450;298
2197.56;28060;10350;299
2199.61;28060;9840;299
2201.66;28060;9650;299
2203.70;28060;9650;299
2205.75;28060;9600;299
2207.80;28050;9700;299
2209.85;28050;9980;299
2211.90;28040;10080;299
2213.94;28050;9770;299
2215.99;28040;9750;299
2218.04;28050;9580;299
2220.09;28050;8900;299
2222.14;28050;8500;299
2224.18;28060;8200;299
2226.23;28060;7920;299
2228.28;28070;7770;299
2230.33;28070;7500;299
2232.38;28070;7320;299
2234.42;28070;7600;299
2236.47;28060;7550;299
2238.52;28060;7950;300
2240.57;28070;7280;300
2242.62;28070;6950;300
2244.66;28070;7150;300
2246.71;28070;7030;300
2248.76;28070;7150;300
2250.81;28070;7030;300
2252.86;28070;6880;300
2254.90;28070;7040;300
2256.95;28070;7030;300
2259.00;28070;7100;300
2261.05;28060;7520;300
2263.10;28060;7650;300
2265.14;28050;7970;300
2267.19;28050;7440;300
2269.24;28060;7320;300
2271.29;28060;7000;300
2273.34;28060;6800;300
2275.38;28060;6670;300
2277.43;28060;6890;300
2279.48;28060;6970;301
2281.53;28060;6520;301
2283.58;28070;6050;301
2285.62;28070;6090;301
2287.67;28070;6150;301
2289.72;28060;6230;301
2291.77;28070;5500;301
2293.82;28070;5620;301
2295.86;28080;5520;301
2297.91;28080;5420;301
2299.96;28080;5520;301
2302.01;28070;5680;301
2304.06;28070;5620;301
2306.10;28070;5840;301
2308.15;28070;6020;301
2310.20;28060;6350;301
2312.25;28050;7120;301
2314.30;28050;7070;301
2316.34;28050;7150;301
2318.39;28050;6820;301
2320.44;28050;6400;301
2322.49;28060;5750;301
2324.54;28060;5570;301
2326.58;28060;5550;301
2328.63;28050;5870;301
2330.68;28050;5920;301
2332.73;28050;6120;301
2334.78;28040;6550;301
2336.82;28040;6720;301
2338.87;28040;6670;301
2340.92;28030;7100;301
2342.97;28030;6770;301
2345.02;28030;6520;301
2347.06;28030;6480;301
2349.11;28030;6570;301
2351.16;28030;6490;301
2353.21;28030;6020;301
2355.26;28030;5900;301
2357.30;28040;5830;301
2359.35;28030;6630;302
2361.40;28020;7430;302
2363.45;28010;7040;302
2365.50;28010;6880;302
2367.54;28020;6550;302
2369.59;28010;6350;302
2371.64;28020;5800;302
2373.69;28020;5900;302
2375.74;28020;5800;302
2377.78;28020;5720;302
2379.83;28020;5840;302
2381.88;28030;5400;302
2383.93;28030;5200;302
2385.98;28030;5280;302
2388.02;28030;5170;302
2390.07;28030;5070;302
2392.12;28030;5120;302
2394.17;28030;5170;302
2396.22;28030;5170;302
2398.26;28030;5200;302
2400.31;28020;5620;302
2402.36;28010;5870;302
2404.41;28010;6000;302
2406.46;28010;5900;302
2408.50;28000;5950;302
2410.55;28010;5950;302
2412.60;28010;5840;302
2414.65;28010;5570;302
2416.70;28010;5280;302
2418.74;28020;4450;302
2420.79;28030;3770;302
2422.84;28030;3750;302
2424.89;28030;3820;302
2426.94;28030;4370;302
2428.98;28030;4370;302
2431.03;28030;4320;302
2433.08;28030;4550;302
2435.13;28030;4520;302
2437.18;28030;4120;302
2439.22;28040;3620;302
2441.27;28040;3750;302
2443.32;28040;3290;302
2445.37;28050;2600;302
2447.42;28060;2700;302
2449.46;28060;2420;302
2451.51;28060;2570;302
2453.56;28060;2570;302
2455.61;28060;3290;302
2457.66;28050;3690;302
2459.70;28030;5040;302
2461.75;28020;5600;302
2463.80;28010;5770;302
2465.85;28010;6050;302
2467.90;28000;6230;302
2469.94;28000;6400;302
2471.99;28000;5600;302
2474.04;28000;5120;302
2476.09;28000;5040;302
2478.14;28000;4970;302
2480.18;28010;4820;302
2482.23;28010;4550;302
2484.28;28020;3720;302
2486.33;28020;3920;302
2488.38;28010;4300;302
2490.42;28010;4220;302
2492.47;28020;3840;302
2494.52;28020;3800;302
2496.57;28030;3370;302
2498.62;28030;2640;302
2500.66;28030;3250;302
2502.71;28020;4080;302
2504.76;28010;4350;302
2506.81;28000;5200;302
2508.86;28000;5840;302
2510.90;27980;6670;302
2512.95;27970;7030;302
2515.00;27950;7620;302
2517.05;27950;7870;302
2519.10;27940;8300;302
2521.14;27930;8350;302
2523.19;27920;8080;302
2525.24;27930;7250;302
2527.29;27930;7070;302
2529.34;27930;7120;302
2531.38;27920;7470;302
2533.43;27910;8020;302
2535.48;27900;8370;302
2537.53;27890;8500;302
2539.58;27880;9280;302
2541.62;27890;8570;302
2543.67;27900;7250;302
2545.72;27900;6920;302
2547.77;27900;7030;302
2549.82;27900;6970;302
2551.86;27890;7430;302
2553.91;27880;7800;302
2555.96;27870;8100;302
2558.01;27870;8350;302
2560.06;27860;8630;302
2562.10;27850;9170;302
2564.15;27840;9600;302
2566.20;27830;9840;302
2568.25;27830;9600;302
2570.30;27820;9770;301
2572.34;27830;9350;301
2574.39;27830;8640;301
2576.44;27840;8320;301
2578.49;27840;7840;301
2580.54;27840;7400;301
2582.58;27840;7920;301
2584.63;27840;7830;301
2586.68;27840;7440;301
2588.73;27840;7550;301
2590.78;27840;7040;301
2592.82;27840;7000;301
2594.87;27840;6920;301
2596.92;27850;6400;301
2598.97;27850;5550;301
2601.02;27860;5370;301
2603.06;27870;5150;301
2605.11;27870;4720;301
2607.16;27870;4970;301
2609.21;27870;4890;301
2611.26;27880;4420;301
2613.30;27880;4220;301
2615.35;27890;4270;301
2617.40;27890;4320;301
2619.45;27900;3840;301
2621.50;27890;4120;301
2623.54;27890;4020;301
2625.59;27900;3680;301
2627.64;27900;3950;301
2629.69;27900;4450;301
2631.74;27880;5020;301
2633.78;27870;5900;301
2635.83;27860;6600;301
2637.88;27840;7370;301
2639.93;27840;7470;301
2641.98;27830;7620;301
2644.02;27830;7770;301
2646.07;27820;8480;301
2648.12;27810;8420;301
2650.17;27800;8800;301
2652.22;27800;8750;301
2654.26;27790;9440;301
2656.31;27770;9830;301
2658.36;27760;10520;301
2660.41;27740;11220;301
2662.46;27720;12100;301
2664.50;27700;12880;301
2666.55;27700;12900;301
2668.60;27690;12500;301
2670.65;27690;12480;301
2672.70;27690;11650;301
2674.74;27700;11030;301
2676.79;27710;10350;301
2678.84;27720;9580;301
2680.89;27710;10020;301
2682.94;27700;10550;301
2684.98;27700;10240;301
2687.03;27700;10170;301
2689.08;27700;9550;301
2691.13;27700;9650;301
2693.18;27700;9400;301
2695.22;27710;8720;301
2697.27;27720;7800;301
2699.32;27730;6950;301
2701.37;27740;6400;300
2703.42;27750;5830;300
2705.46;27760;5500;300
2707.51;27760;5250;300
2709.56;27770;5370;300
2711.61;27760;5400;300
2713.66;27760;5520;300
2715.70;27760;5840;300
2717.75;27750;6450;300
2719.80;27750;7030;300
2721.85;27730;7920;300
2723.90;27720;8450;300
2725.94;27710;8920;300
2727.99;27710;8700;300
2730.04;27700;8920;300
2732.09;27690;9220;300
2734.14;27700;8450;300
2736.18;27710;7720;300
2738.23;27730;6350;300
2740.28;27740;5650;300
2742.33;27740;5690;300
2744.38;27740;6000;300
2746.42;27740;5750;300
2748.47;27740;5370;300
2750.52;27750;4850;300
2752.57;27760;4550;300
2754.62;27770;4000;300
2756.66;27770;3440;300
2758.71;27780;3200;300
2760.76;27790;3370;300
2762.81;27780;3820;300
2764.86;27780;4240;300
2766.90;27760;5370;300
2768.95;27740;6550;300
2771.00;27720;7750;300
2773.05;27700;8820;299
2775.10;27690;9520;299
2777.14;27680;9750;299
2779.19;27660;11150;299
2781.24;27640;11600;299
2783.29;27640;11900;299
2785.34;27620;11750;299
2787.38;27620;11500;299
2789.43;27620;11470;299
2791.48;27640;9600;299
2793.53;27650;8820;299
2795.58;27660;7970;299
2797.62;27660;8200;299
2799.67;27650;8300;299
2801.72;27660;8370;299
2803.77;27640;9200;299
2805.82;27640;8900;299
2807.86;27640;8770;299
2809.91;27640;9000;299
2811.96;27630;9040;299
2814.01;27630;8970;299
2816.06;27620;9370;299
2818.10;27620;9500;299
2820.15;27620;9220;299
2822.20;27640;7900;299
2824.25;27650;7030;299
2826.30;27660;6570;299
2828.34;27650;7280;299
2830.39;27640;6970;299
2832.44;27650;7290;299
2834.49;27640;7430;299
2836.54;27630;8150;299
2838.58;27630;8150;299
2840.63;27630;8270;299
2842.68;27630;8120;299
2844.73;27630;8300;299
2846.78;27640;7440;298
2848.82;27640;7120;298
2850.87;27650;6170;298
2852.92;27660;5150;298
2854.97;27660;5440;298
2857.02;27660;6020;298
2859.06;27650;6920;298
2861.11;27640;7400;298
2863.16;27630;7720;298
2865.21;27640;6970;298
2867.26;27650;6300;298
2869.30;27650;6240;298
2871.35;27650;5900;298
2873.40;27660;5420;298
2875.45;27670;4970;298
2877.50;27660;5280;298
2879.54;27670;4970;298
2881.59;27670;4880;298
2883.64;27680;4640;298
2885.69;27670;5070;298
2887.74;27670;5170;298
2889.78;27670;5400;298
2891.83;27660;5690;298
2893.88;27650;6170;298
2895.93;27650;6480;298
2897.98;27650;6570;298
2900.02;27650;6270;298
2902.07;27650;6480;297
2904.12;27640;6480;297
2906.17;27640;6890;297
2908.22;27630;7440;297
2910.26;27610;7970;297
2912.31;27600;8720;297
2914.36;27600;8570;297
2916.41;27570;10450;297
2918.46;27560;10600;297
2920.50;27560;10150;297
2922.55;27590;8080;297
2924.60;27590;7770;297
2926.65;27600;6820;297
2928.70;27610;6370;297
2930.74;27610;6240;297
2932.79;27610;6240;297
2934.84;27610;6270;297
2936.89;27610;6150;297
2938.94;27610;6400;297
2940.98;27610;6670;297
2943.03;27600;7000;297
2945.08;27590;7600;297
2947.13;27590;7800;297
2949.18;27580;8400;297
2951.22;27570;8600;297
2953.27;27560;9040;297
2955.32;27560;9350;297
2957.37;27560;8750;297
2959.42;27570;7840;297
2961.46;27570;7440;297
2963.51;27580;7100;297
2965.56;27590;6300;297
2967.61;27590;6150;297
2969.66;27600;5570;297
2971.70;27600;6050;297
2973.75;27590;6080;297
2975.80;27600;5970;297
2977.85;27590;6420;297
2979.90;27590;6400;297
2981.94;27590;6630;297
2983.99;27580;6880;296
2986.04;27570;7440;296
2988.09;27570;7570;296
2990.14;27560;7950;296
2992.18;27560;8170;296
2994.23;27550;8350;296
2996.28;27540;9120;296
2998.33;27530;9430;296
3000.38;27520;9800;296
3002.42;27510;10020;296
3004.47;27510;10320;296
3006.52;27490;10640;296
3008.57;27490;11430;296
3010.62;27470;12170;296
3012.66;27460;12780;296
3014.71;27450;12820;296
3016.76;27440;13000;296
3018.81;27430;13180;296
3020.86;27430;12820;296
3022.90;27430;12670;296
3024.95;27430;12670;296
3027.00;27420;12780;296
3029.05;27420;12900;296
3031.10;27420;12520;296
3033.14;27430;12020;296
3035.19;27420;12200;296
3037.24;27410;12570;296
3039.29;27410;12300;296
3041.34;27420;11720;296
3043.38;27420;11520;296
3045.43;27430;10670;296
3047.48;27440;9830;296
3049.53;27450;8970;296
3051.58;27460;8570;296
3053.62;27460;8170;296
3055.67;27470;7680;295
3057.72;27470;7720;295
3059.77;27480;7220;295
3061.82;27490;6630;295
3063.86;27490;6630;295
3065.91;27510;5650;295
3067.96;27510;5290;295
3070.01;27520;5120;295
3072.06;27520;5420;295
3074.10;27520;5280;295
3076.15;27530;5100;295
3078.20;27530;5120;295
3080.25;27520;5420;295
3082.30;27520;5750;295
3084.34;27520;5950;295
3086.39;27520;6020;295
3088.44;27510;6520;295
3090.49;27500;7040;295
3092.54;27490;7220;295
3094.58;27490;7650;295
3096.63;27480;8100;295
3098.68;27480;8150;295
3100.73;27470;8300;295
3102.78;27470;8400;295
3104.82;27460;8920;295
3106.87;27460;8630;295
3108.92;27460;8750;295
3110.97;27450;8630;295
3113.02;27460;8240;295
3115.06;27460;7920;295
3117.11;27470;7200;295
3119.16;27480;6270;295
3121.21;27480;6230;295
3123.26;27490;5520;295
3125.30;27490;5400;295
3127.35;27500;5470;295
3129.40;27500;5520;295
3131.45;27500;5620;295
3133.50;27490;5840;295
3135.54;27490;6400;295
3137.59;27480;6420;295
3139.64;27490;6240;295
3141.69;27500;5000;295
3143.74;27510;4490;295
3145.78;27510;4350;294
3147.83;27520;4490;294
3149.88;27520;4050;294
3151.93;27520;3900;294
3153.98;27530;3420;294
3156.02;27530;3680;294
3158.07;27530;3420;294
3160.12;27540;2950;294
3162.17;27550;2700;294
3164.22;27550;2600;294
3166.26;27550;2740;294
3168.31;27540;3650;294
3170.36;27530;4300;294
3172.41;27520;4920;294
3174.46;27520;4920;294
3176.50;27520;4920;294
3178.55;27520;4770;294
3180.60;27510;5290;294
3182.65;27500;6080;294
3184.70;27490;6950;294
3186.74;27470;7500;294
3188.79;27470;6970;294
3190.84;27470;6890;294
3192.89;27470;6880;294
3194.94;27480;6550;294
3196.98;27480;6150;294
3199.03;27490;5520;294
3201.08;27490;4800;294
3203.13;27500;4490;294
3205.18;27500;4300;294
3207.22;27500;4400;294
3209.27;27510;4150;294
3211.32;27510;3680;294
3213.37;27520;3540;294
3215.42;27510;4080;294
3217.46;27510;4050;294
3219.51;27510;4570;294
3221.56;27500;4850;294
3223.61;27490;5170;294
3225.66;27480;6020;294
3227.70;27480;5830;294
3229.75;27480;5550;294
3231.80;27480;5840;294
3233.85;27490;5020;294
3235.90;27490;4820;294
3237.94;27490;4920;294
3239.99;27490;4950;294
3242.04;27490;5170;294
3244.09;27480;5170;294
3246.14;27480;5200;294
3248.18;27480;5320;294
3250.23;27470;5950;293
3252.28;27460;6720;293
3254.33;27440;7500;293
3256.38;27440;7700;293
3258.42;27430;7840;293
3260.47;27430;7550;293
3262.52;27440;7120;293
3264.57;27430;7030;293
3266.62;27430;7220;293
3268.66;27430;7800;293
3270.71;27420;7970;293
3272.76;27420;7570;293
3274.81;27420;7720;293
3276.86;27420;7550;293
3278.90;27410;7840;293
3280.95;27410;7770;293
3283.00;27420;7040;293
3285.05;27410;7520;293
3287.10;27410;7320;293
3289.14;27410;6950;293
3291.19;27410;7170;293
3293.24;27420;6600;293
3295.29;27420;6170;293
3297.34;27430;5650;293
3299.38;27440;4950;293
3301.43;27440;4670;293
3303.48;27450;4400;293
3305.53;27470;3520;293
3307.58;27470;3470;293
3309.62;27470;3250;293
3311.67;27470;3750;293
3313.72;27470;3920;293
3315.77;27470;3680;293
3317.82;27470;3540;293
3319.86;27470;3540;293
3321.91;27480;3280;293
3323.96;27480;3020;293
3326.01;27490;2770;293
3328.06;27490;2370;293
3330.10;27500;2200;293
3332.15;27490;3120;293
3334.20;27480;3220;293
3336.25;27480;3900;293
3338.30;27470;4550;293
3340.34;27460;5150;293
3342.39;27450;5690;293
3344.44;27440;5750;293
3346.49;27440;6020;292
3348.54;27440;5870;292
3350.58;27430;6150;292
3352.63;27430;6150;292
3354.68;27420;6270;292
3356.73;27420;6400;292
3358.78;27410;6670;292
3360.82;27410;7150;292
3362.87;27400;7320;292
3364.92;27400;7400;292
3366.97;27400;6950;292
3369.02;27400;6890;292
3371.06;27390;7250;292
3373.11;27390;7290;292
3375.16;27390;7170;292
3377.21;27390;6920;292
3379.26;27400;6300;292
3381.30;27400;5720;292
3383.35;27410;5680;292
3385.40;27410;5770;292
3387.45;27400;6020;292
3389.50;27400;6300;292
3391.54;27390;6700;292
3393.59;27390;6450;292
3395.64;27390;6670;292
3397.69;27380;6720;292
3399.74;27380;7000;292
3401.78;27380;7220;292
3403.83;27370;7600;292
3405.88;27350;8350;292
3407.93;27340;8920;292
3409.98;27340;8880;292
3412.02;27320;9840;292
3414.07;27310;10380;292
3416.12;27310;10080;292
3418.17;27310;9550;292
3420.22;27320;8700;292
3422.26;27330;8150;292
3424.31;27340;7350;292
3426.36;27350;7040;292
3428.41;27360;6270;292
3430.46;27370;5420;292
3432.50;27370;5650;292
3434.55;27360;6120;292
3436.60;27360;6420;292
3438.65;27370;5750;292
3440.70;27370;5770;292
3442.74;27370;5420;292
3444.79;27370;5440;292
3446.84;27380;5200;292
3448.89;27380;4480;292
3450.94;27390;4570;292
3452.98;27390;4490;292
3455.03;27390;4270;292
3457.08;27390;4300;292
3459.13;27390;4520;292
3461.18;27380;5040;292
3463.22;27370;5620;292
3465.27;27370;6200;292
3467.32;27370;5800;292
3469.37;27370;5970;292
3471.42;27370;6230;292
3473.46;27350;6700;292
3475.51;27350;6720;292
3477.56;27350;7000;292
3479.61;27340;6880;292
3481.66;27340;6770;292
3483.70;27360;5370;291
3485.75;27370;4750;291
3487.80;27370;5000;291
3489.85;27370;4800;291
3491.90;27370;5150;291
3493.94;27360;5370;291
3495.99;27360;5570;291
3498.04;27350;6020;291
3500.09;27350;6850;291
3502.14;27320;8420;291
3504.18;27310;8640;291
3506.23;27300;9150;291
3508.28;26680;53440;291
3510.33;26700;48640;291
3512.38;26920;27950;291
3514.42;26990;21200;291
3516.47;27030;19700;291
3518.52;27020;19760;291
3520.57;27030;19330;291
3522.62;27040;18280;291
3524.66;27060;16420;291
3526.71;27070;15620;291
3528.76;27070;16550;291
3530.81;27050;17450;291
3532.86;27240;2170;292
3534.90;27210;5770;292
3536.95;27220;6170;292
3539.00;27220;6300;292
3541.05;27230;6480;292
3543.10;27230;6640;292
3545.14;27240;6400;292
3547.19;27240;6400;292
3549.24;27240;6640;292
3551.29;27240;6850;292
3553.34;27240;7200;292
3555.38;27230;7870;292
3557.43;27220;8700;292
3559.48;27210;9120;292
3561.53;27200;9520;292
3563.58;27200;9550;292
3565.62;27190;9920;292
3567.67;27190;10100;292
3569.72;27190;9900;292
3571.77;27190;10000;292
3573.82;27190;9920;292
3575.86;27180;9950;292
3577.91;27180;10420;292
3579.96;27170;10270;292
3582.01;27170;10240;292
3584.06;27170;10550;292
3586.10;27170;10600;292
3588.15;27170;10270;292
3590.20;27170;9950;292
3592.25;27170;9900;292
3594.30;27170;10320;292
3596.34;27160;10150;292
3598.39;27170;9720;292
3600.44;27180;8200;292
3602.49;27210;6490;292
3604.54;27230;5350;292
3606.58;27250;4400;292
3608.63;27250;4420;292
3610.68;27240;5500;292
3612.73;27240;5550;292
3614.78;27240;5520;292
3616.82;27240;5920;292
3618.87;27240;5970;292
3620.92;27230;6200;292
3622.97;27230;6800;292
3625.02;27220;7550;292
3627.06;27200;8600;292
3629.11;27190;9220;292
3631.16;27170;10200;292
3633.21;27150;11430;292
3635.26;27130;12100;292
3637.30;27120;12500;292
3639.35;27120;12520;292
3641.40;27110;12520;292
3643.45;27110;12550;292
3645.50;27100;12650;292
3647.54;27100;12550;292
3649.59;27100;12300;292
3651.64;27110;11400;292
3653.69;27110;10880;292
3655.74;27120;10020;292
3657.78;27130;9100;292
3659.83;27140;8850;292
3661.88;27150;8480;292
3663.93;27150;7900;292
3665.98;27160;7770;292
3668.02;27160;7650;292
3670.07;27160;7550;292
3672.12;27160;7470;292
3674.17;27170;7470;292
3676.22;27160;7720;292
3678.26;27160;7950;292
3680.31;27150;8520;292
3682.36;27150;8640;292
3684.41;27150;8550;292
3686.46;27150;8100;292
3688.50;27150;7900;292
3690.55;27160;7800;292
3692.60;27160;7400;292
3694.65;27170;6890;292
3696.70;27170;6720;292
3698.74;27170;6770;292
3700.79;27170;6950;292
3702.84;27170;6970;292
3704.89;27170;6880;292
3706.94;27170;6420;292
3708.98;27170;6770;292
3711.03;27160;7200;292
3713.08;27160;7370;292
3715.13;27150;7770;292
3717.18;27150;7970;292
3719.22;27150;7800;292
3721.27;27150;7500;292
3723.32;27160;7320;292
3725.37;27160;7170;292
3727.42;27160;7250;292
3729.46;27160;6920;292
3731.51;27160;6850;292
3733.56;27160;7150;292
3735.61;27150;7120;292
3737.66;27150;7120;292
3739.70;27150;7150;292
3741.75;27150;7200;292
3743.80;27150;7320;292
3745.85;27150;7400;292
3747.90;27140;7840;292
3749.94;27130;8100;292
3751.99;27130;8400;292
3754.04;27130;8230;292
3756.09;27120;8920;292
3758.14;27100;9600;292
3760.18;27100;10050;292
3762.23;27090;10230;292
3764.28;27080;10550;292
3766.33;27080;10600;292
3768.38;27090;9750;292
3770.42;27100;8800;292
3772.47;27100;8240;292
3774.52;27110;8170;292
3776.57;27110;7900;292
3778.62;27100;8230;292
3780.66;27100;8420;292
3782.71;27120;7250;292
3784.76;27120;7220;292
3786.81;27110;7680;292
3788.86;27110;7970;292
3790.90;27110;8100;292
3792.95;27100;8080;292
3795.00;27100;8000;292
3797.05;27100;8150;292
3799.10;27100;8320;292
3801.14;27090;8550;292
3803.19;27090;8970;292
3805.24;27080;9430;292
3807.29;27070;9830;292
3809.34;27070;9520;292
3811.38;27060;10100;292
3813.43;27060;9830;292
3815.48;27070;9120;292
3817.53;27080;8520;292
3819.58;27080;8270;292
3821.62;27080;7870;292
3823.67;27090;7720;292
3825.72;27090;7290;292
3827.77;27100;6600;292
3829.82;27110;5690;292
3831.86;27120;5350;292
3833.91;27130;5100;292
3835.96;27130;5020;292
3838.01;27150;3870;292
3840.06;27160;3500;292
3842.10;27160;3290;292
3844.15;27170;3220;292
3846.20;27180;2620;292
3848.25;27190;1870;292
3850.30;27190;2150;292
3852.34;27200;1250;292
3854.39;27210;1270;292
3856.44;27210;1250;292
3858.49;27210;1220;292
3860.54;27200;2370;292
3862.58;27200;2880;292
3864.63;27190;3250;292
3866.68;27180;3540;292
3868.73;27180;3440;292
3870.78;27180;3680;292
3872.82;27180;3690;292
3874.87;27180;3840;292
3876.92;27170;3950;292
3878.97;27170;4320;292
3881.02;27170;4400;292
3883.06;27170;4370;292
3885.11;27160;4490;292
3887.16;27160;4520;292
3889.21;27160;5000;292
3891.26;27140;5680;292
3893.30;27140;6050;292
3895.35;27130;6770;292
3897.40;27120;7350;292
3899.45;27100;8450;292
3901.50;27080;9150;292
3903.54;27070;9500;292
3905.59;27060;10100;292
3907.64;27050;10450;292
3909.69;27040;10480;292
3911.74;27030;10880;292
3913.78;27030;10780;292
3915.83;27020;10550;292
3917.88;27020;10450;292
3919.93;27020;10450;292
3921.98;27030;9920;292
3924.02;27030;9580;292
3926.07;27040;8450;292
3928.12;27050;7470;292
3930.17;27060;6850;292
3932.22;27070;6270;292
3934.26;27070;6450;292
3936.31;27080;6240;292
3938.36;27080;6400;292
3940.41;27080;6170;292
3942.46;27080;5690;292
3944.50;27090;5720;292
3946.55;27080;6000;292
3948.60;27090;5800;292
3950.65;27090;5690;292
3952.70;27090;5800;292
3954.74;27090;5840;292
3956.79;27080;5970;292
3958.84;27080;6480;292
3960.89;27070;6890;292
3962.94;27070;7030;292
3964.98;27070;6920;292
3967.03;27060;7250;292
3969.08;27060;7280;292
3971.13;27060;7350;292
3973.18;27060;6820;292
3975.22;27060;6750;292
3977.27;27060;6880;291
3979.32;27060;7040;291
3981.37;27050;7290;291
3983.42;27050;7700;291
3985.46;27040;8000;291
3987.51;27040;8080;291
3989.56;27030;8050;291
3991.61;27040;7750;291
3993.66;27040;7800;291
3995.70;27040;7430;291
3997.75;27040;7100;291
3999.80;27040;7520;291
4001.85;27030;7770;291
4003.90;27030;8100;291
4005.94;27030;8050;291
4007.99;27020;8300;291
4010.04;27020;8570;291
4012.09;27010;8900;291
4014.14;27000;9120;291
4016.18;27000;9250;291
4018.23;26990;9430;291
4020.28;26990;9620;291
4022.33;26980;9920;291
4024.38;26980;10380;291
4026.42;26960;11030;291
4028.47;26950;11520;291
4030.52;26940;11830;291
4032.57;26940;11850;291
4034.62;26940;11430;291
4036.66;26940;11300;291
4038.71;26940;11370;291
4040.76;26930;11550;291
4042.81;26930;11680;291
4044.86;26930;11180;291
4046.90;26930;10880;291
4048.95;26940;10240;291
4051.00;26940;9950;291
4053.05;26950;9440;291
4055.10;26960;8800;291
4057.14;26970;8120;291
4059.19;26970;8000;291
4061.24;26970;7970;291
4063.29;26970;7900;291
4065.34;26980;7830;291
4067.38;26990;7000;291
4069.43;26990;6490;291
4071.48;27000;6170;291
4073.53;27000;6490;291
4075.58;27010;6000;291
4077.62;27010;5720;291
4079.67;27010;5900;291
4081.72;27010;6020;291
4083.77;27020;5620;291
4085.82;27020;5720;291
4087.86;27020;5200;291
4089.91;27030;4920;291
4091.96;27030;4890;291
4094.01;27030;5100;291
4096.06;27030;5150;291
4098.10;27030;5290;291
4100.15;27030;5550;291
4102.20;27020;5840;291
4104.25;27010;6320;291
4106.30;27010;6300;291
4108.34;27010;6020;291
4110.39;27010;6230;291
4112.44;27010;6450;291
4114.49;27000;6640;291
4116.54;27000;6750;291
4118.58;27000;6720;291
4120.63;27000;6200;291
4122.68;27000;6300;291
4124.73;27000;6400;291
4126.78;27000;6300;291
4128.82;27000;6350;291
4130.87;27000;6480;291
4132.92;27000;6480;291
4134.97;27000;6300;291
4137.02;27000;6000;291
4139.06;27000;6240;291
4141.11;27000;6420;291
4143.16;27000;6480;291
4145.21;26990;7100;291
4147.26;26980;7370;291
4149.30;26970;7500;291
4151.35;26980;7370;291
4153.40;26970;7520;291
4155.45;26960;7900;291
4157.50;26960;8500;291
4159.54;26940;9430;291
4161.59;26920;10380;291
4163.64;26920;10480;291
4165.69;26910;10300;291
4167.74;26910;10320;291
4169.78;26910;10050;291
4171.83;26920;9250;291
4173.88;26920;8880;291
4175.93;26930;8750;291
4177.98;26920;8500;291
4180.02;26930;8170;291
4182.07;26940;7500;291
4184.12;26950;6890;291
4186.17;26950;6700;291
4188.22;26960;6670;291
4190.26;26960;6490;291
4192.31;26960;6520;291
4194.36;26960;6700;291
4196.41;26950;7120;291
4198.46;26940;7800;291
4200.50;26930;8450;291
4202.55;26920;8700;291
4204.60;26920;8820;291
4206.65;26920;8420;291
4208.70;26930;8100;291
4210.74;26930;8020;291
4212.79;26930;7870;291
4214.84;26940;7220;291
4216.89;26940;6600;291
4218.94;26940;6800;291
4220.98;26940;6670;291
4223.03;26950;6350;291
4225.08;26950;6200;291
4227.13;26950;6480;291
4229.18;26940;6750;291
4231.22;26940;6890;291
4233.27;26940;6880;291
4235.32;26940;6550;291
4237.37;26950;6020;291
4239.42;26960;5830;291
4241.46;26950;6020;291
4243.51;26950;6630;291
4245.56;26940;6820;291
4247.61;26940;7280;291
4249.66;26930;7250;291
4251.70;26940;7030;291
4253.75;26930;7150;291
4255.80;26930;7320;291
4257.85;26920;7720;291
4259.90;26920;7720;291
4261.94;26920;7700;291
4263.99;26920;7620;291
4266.04;26930;6890;291
4268.09;26920;7100;291
4270.14;26910;7900;291
4272.18;26910;8230;291
4274.23;26900;8670;291
4276.28;26890;8800;291
4278.33;26890;9070;291
4280.38;26890;8920;291
4282.42;26890;8950;291
4284.47;26880;9220;291
4286.52;26880;9100;291
4288.57;26880;8970;291
4290.62;26870;9430;291
4292.66;26870;9150;291
4294.71;26870;9040;291
4296.76;26870;9000;291
4298.81;26880;8500;291
4300.86;26880;8230;291
4302.90;26880;8400;291
4304.95;26880;8320;291
4307.00;26880;8100;291
4309.05;26900;6890;291
4311.10;26900;6850;291
4313.14;26900;6950;291
4315.19;26890;7570;291
4317.24;26880;8170;291
4319.29;26890;7680;291
4321.34;26890;7100;291
4323.38;26900;6850;291
4325.43;26900;6550;291
4327.48;26900;6420;291
4329.53;26900;6720;291
4331.58;26890;7550;291
4333.62;26890;7470;291
4335.67;26890;7620;291
4337.72;26880;7950;291
4339.77;26880;8050;291
4341.82;26870;8100;291
4343.86;26870;8240;291
4345.91;26860;8850;291
4347.96;26860;8520;291
4350.01;26860;8350;291
4352.06;26860;8500;291
4354.10;26860;8670;291
4356.15;26850;8850;291
4358.20;26860;8020;291
4360.25;26870;7290;291
4362.30;26870;7280;291
4364.34;26870;7470;291
4366.39;26870;8000;291
4368.44;26860;8500;291
4370.49;26850;8950;291
4372.54;26840;9200;291
4374.58;26840;9120;291
4376.63;26840;9370;291
4378.68;26830;9200;291
4380.73;26830;9150;291
4382.78;26830;9120;291
4384.82;26840;8800;291
4386.87;26830;8770;291
4388.92;26830;9220;291
4390.97;26820;9550;291
4393.02;26820;9500;291
4395.06;26820;9550;291
4397.11;26810;9800;291
4399.16;26810;9900;291
4401.21;26810;10020;291
4403.26;26800;10350;291
4405.30;26790;10670;291
4407.35;26790;10850;291
4409.40;26790;10570;291
4411.45;26780;10900;291
4413.50;26770;11500;291
4415.54;26780;10550;291
4417.59;26790;9720;291
4419.64;26800;8850;291
4421.69;26810;8630;291
4423.74;26810;8150;291
4425.78;26820;7470;291
4427.83;26840;6550;291
4429.88;26850;5840;291
4431.93;26860;5200;291
4433.98;26870;4620;291
4436.02;26870;4720;291
4438.07;26870;4800;291
4440.12;26880;4850;291
4442.17;26880;4420;291
4444.22;26890;4220;291
4446.26;26890;4090;291
4448.31;26900;3680;291
4450.36;26910;3280;291
4452.41;26910;3040;291
4454.46;26910;3350;291
4456.50;26910;3770;291
4458.55;26910;3920;291
4460.60;26900;4600;291
4462.65;26900;4770;291
4464.70;26900;4800;291
4466.74;26890;4720;291
4468.79;26900;4420;291
4470.84;26900;4480;291
4472.89;26900;4520;291
4474.94;26900;4000;291
4476.98;26910;3770;291
4479.03;26910;3620;291
4481.08;26910;3750;291
4483.13;26910;3440;291
4485.18;26920;3220;291
4487.22;26920;3400;291
4489.27;26910;3770;291
4491.32;26910;3690;291
4493.37;26920;3540;291
4495.42;26920;3290;291
4497.46;26930;2240;291
4499.51;26940;2240;291
4501.56;26930;2640;291
4503.61;26930;3280;291
4505.66;26920;3570;291
4507.70;26920;3690;291
4509.75;26910;4270;291
4511.80;26900;4970;291
4513.85;26880;5970;290
4515.90;26870;6520;290
4517.94;26860;7280;290
4519.99;26850;7600;290
4522.04;26840;8050;290
4524.09;26840;7280;290
4526.14;26850;7280;290
4528.18;26840;7620;290
4530.23;26830;8230;290
4532.28;26820;8150;290
4534.33;26820;8400;290
4536.38;26810;9040;290
4538.42;26790;9600;290
4540.47;26790;9150;290
4542.52;26800;8550;290
4544.57;26800;8230;290
4546.62;26800;8300;290
4548.66;26800;8370;290
4550.71;26800;7900;290
4552.76;26810;7030;290
4554.81;26820;6800;290
4556.86;26820;6370;290
4558.90;26830;6400;290
4560.95;26820;6750;290
4563.00;26820;6630;290
4565.05;26820;6420;290
4567.10;26820;6300;290
4569.14;26830;6170;290
4571.19;26830;5870;290
4573.24;26830;5870;290
4575.29;26840;5170;290
4577.34;26850;4890;290
4579.38;26850;4970;290
4581.43;26850;5290;290
4583.48;26840;5870;290
4585.53;26830;5830;290
4587.58;26840;5520;290
4589.62;26850;4850;290
4591.67;26860;3870;290
4593.72;26870;3570;290
4595.77;26880;2950;290
4597.82;26890;2600;290
4599.86;26890;2420;290
4601.91;26890;2450;290
4603.96;26890;2890;290
4606.01;26890;2800;290
4608.06;26890;2800;290
4610.10;26900;2300;290
4612.15;26910;2080;290
4614.20;26920;1400;290
4616.25;26920;1500;290
4618.30;26920;1370;290
4620.34;26920;1320;290
4622.39;26920;2450;290
4624.44;26910;2700;290
4626.49;26900;3120;290
4628.54;26890;3750;290
4630.58;26880;4120;290
4632.63;26880;4150;290
4634.68;26890;3500;290
4636.73;26890;3520;290
4638.78;26890;3770;290
4640.82;26890;3320;290
4642.87;26890;3250;290
4644.92;26900;2740;290
4646.97;26900;2340;290
4649.02;26910;2480;290
4651.06;26900;2640;290
4653.11;26900;2520;290
4655.16;26900;2820;290
4657.21;26890;3370;290
4659.26;26880;4300;290
4661.30;26870;5150;290
4663.35;26860;5770;290
4665.40;26850;6080;290
4667.45;26840;6480;290
4669.50;26840;6270;290
4671.54;26830;6370;290
4673.59;26840;5770;290
4675.64;26840;5650;290
4677.69;26840;5350;290
4679.74;26840;5420;290
4681.78;26840;5350;290
4683.83;26840;5520;290
4685.88;26830;5950;290
4687.93;26830;5970;290
4689.98;26820;7000;290
4692.02;26800;7500;289
4694.07;26810;7040;289
4696.12;26810;6630;289
4698.17;26810;6230;289
4700.22;26820;5830;289
4702.26;26820;5830;289
4704.31;26820;5870;289
4706.36;26820;5520;289
4708.41;26830;5150;289
4710.46;26840;4480;289
4712.50;26840;4320;289
4714.55;26850;3720;289
4716.60;26850;3680;289
4718.65;26860;3220;289
4720.70;26860;3040;289
4722.74;26860;3220;289
4724.79;26860;3280;289
4726.84;26870;2850;289
4728.89;26870;2570;289
4730.94;26870;2920;289
4732.98;26860;3420;289
4735.03;26860;3720;289
4737.08;26850;4120;289
4739.13;26850;4400;289
4741.18;26850;4270;289
4743.22;26850;4220;289
4745.27;26850;4150;289
4747.32;26850;4480;289
4749.37;26840;4720;289
4751.42;26830;5400;289
4753.46;26820;6080;289
4755.51;26810;6300;289
4757.56;26810;6450;289
4759.61;26800;6920;289
4761.66;26800;6720;289
4763.70;26800;6630;289
4765.75;26800;6120;289
4767.80;26810;5750;289
4769.85;26800;5870;289
4771.90;26790;6350;289
4773.94;26800;6170;289
4775.99;26790;6630;289
4778.04;26790;5950;289
4780.09;26810;5370;289
4782.14;26800;5800;289
4784.18;26810;5320;289
4786.23;26800;5040;289
4788.28;26810;5150;289
4790.33;26810;5320;289
4792.38;26800;5650;289
4794.42;26800;5650;289
4796.47;26800;5690;289
4798.52;26800;5950;289
4800.57;26790;6420;289
4802.62;26780;6850;289
4804.66;26770;7200;289
4806.71;26760;7800;289
4808.76;26760;7900;289
4810.81;26750;8570;289
4812.86;26740;9150;289
4814.90;26720;9870;289
4816.95;26710;10150;289
4819.00;26700;11100;289
4821.05;26690;10920;289
4823.10;26680;12080;289
4825.14;26680;10920;289
4827.19;26690;9750;289
4829.24;26710;8670;289
4831.29;26720;7900;289
4833.34;26720;7770;289
4835.38;26720;8170;289
4837.43;26710;8570;289
4839.48;26710;8920;289
4841.53;26700;9150;289
4843.58;26700;9220;289
4845.62;26700;9280;289
4847.67;26700;8920;289
4849.72;26700;8570;289
4851.77;26700;8820;289
4853.82;26700;8670;289
4855.86;26700;8800;289
4857.91;26700;8950;289
4859.96;26700;8520;289
4862.01;26700;8630;289
4864.06;26700;8570;289
4866.10;26690;8670;289
4868.15;26690;8770;289
4870.20;26690;8920;289
4872.25;26680;9300;289
4874.30;26690;8630;289
4876.34;26720;6420;289
4878.39;26720;6270;289
4880.44;26740;5170;289
4882.49;26760;3820;289
4884.54;26770;4050;289
4886.58;26760;4770;289
4888.63;26750;5520;289
4890.68;26750;5320;289
4892.73;26750;5500;289
4894.78;26750;5520;289
4896.82;26750;5770;289
4898.87;26740;6050;289
4900.92;26740;5870;289
4902.97;26740;5750;289
4905.02;26750;5550;289
4907.06;26750;5570;289
4909.11;26750;5150;289
4911.16;26760;4880;289
4913.21;26750;5000;289
4915.26;26760;4970;289
4917.30;26760;4350;289
4919.35;26770;4220;289
4921.40;26770;4200;289
4923.45;26780;3750;289
4925.50;26780;3570;289
4927.54;26780;3500;289
4929.59;26780;3920;289
4931.64;26780;4120;289
4933.69;26780;3970;289
4935.74;26780;3870;289
4937.78;26780;3800;289
4939.83;26790;3690;289
4941.88;26780;3820;289
4943.93;26780;3970;289
4945.98;26780;3770;289
4948.02;26780;4050;289
4950.07;26780;4320;289
4952.12;26770;4750;289
4954.17;26760;5290;289
4956.22;26750;5690;289
4958.26;26750;5370;289
4960.31;26760;5200;289
4962.36;26760;4820;289
4964.41;26770;4220;289
4966.46;26770;3870;289
4968.50;26780;3470;289
4970.55;26790;3040;289
4972.60;26800;2400;289
4974.65;26810;2220;289
4976.70;26810;2270;289
4978.74;26810;2220;289
4980.79;26810;1120;289
4982.84;26820;1320;289
4984.89;26830;1320;289
4986.94;26810;2490;289
4988.98;26810;2620;289
4991.03;26810;2720;289
4993.08;26810;2550;289
4995.13;26810;2490;289
4997.18;26810;2880;289
4999.22;26800;3070;289
5001.27;26800;3290;289
5003.32;26800;3620;289
5005.37;26790;3770;289
5007.42;26790;3820;289
5009.46;26780;4520;289
5011.51;26770;5000;289
5013.56;26760;5470;289
5015.61;26750;6090;289
5017.66;26730;7070;289
5019.70;26730;6970;288
5021.75;26720;7720;288
5023.80;26710;7570;288
5025.85;26720;6750;288
5027.90;26730;5900;288
5029.94;26730;5770;288
5031.99;26730;5750;288
5034.04;26730;5570;288
5036.09;26740;5170;288
5038.14;26750;4700;288
5040.18;26760;3870;288
5042.23;26770;3000;288
5044.28;26780;3140;288
5046.33;26780;3040;288
5048.38;26770;3400;288
5050.42;26770;3840;288
5052.47;26760;4420;288
5054.52;26750;5100;288
5056.57;26740;6000;288
5058.62;26720;7000;288
5060.66;26710;7600;288
5062.71;26690;8450;288
5064.76;26680;9300;288
5066.81;26660;10020;288
5068.86;26650;10670;288
5070.90;26630;11450;288
5072.95;26620;12080;288
5075.00;26600;12900;288
5077.05;26590;13430;288
5079.10;26570;13900;288
5081.14;26560;13920;288
5083.19;26560;13900;288
5085.24;26550;14150;288
5087.29;26550;13620;288
5089.34;26550;13580;288
5091.38;26550;13470;288
5093.43;26540;13680;288
5095.48;26540;13550;288
5097.53;26540;12780;288
5099.58;26550;12000;288
5101.62;26560;11350;288
5103.67;26570;10640;288
5105.72;26580;10450;288
5107.77;26580;9950;288
5109.82;26580;9920;288
5111.86;26580;9950;288
5113.91;26600;8900;288
5115.96;26610;7840;289
5118.01;26630;7150;289
5120.06;26630;6970;289
5122.10;26630;6950;289
5124.15;26640;6880;289
5126.20;26650;6170;289
5128.25;26660;5550;289
5130.30;26660;5370;289
5132.34;26680;4750;289
5134.39;26680;4490;289
5136.44;26690;4400;289
5138.49;26700;3950;289
5140.54;26690;4450;289
5142.58;26690;4490;289
5144.63;26690;4850;289
5146.68;26680;5280;289
5148.73;26680;5250;289
5150.78;26690;4720;289
5152.82;26690;5120;289
5154.87;26680;5420;289
5156.92;26690;5170;289
5158.97;26690;4880;289
5161.02;26680;5290;289
5163.06;26680;5750;289
5165.11;26680;6020;289
5167.16;26670;6370;289
5169.21;26670;6080;289
5171.26;26670;5870;289
5173.30;26670;6090;289
5175.35;26680;5370;289
5177.40;26680;5000;289
5179.45;26680;5070;289
5181.50;26680;5120;289
5183.54;26680;5250;289
5185.59;26680;5500;289
5187.64;26680;5870;289
5189.69;26670;6200;289
5191.74;26660;6670;289
5193.78;26650;7200;289
5195.83;26650;7250;289
5197.88;26650;7100;289
5199.93;26660;5840;289
5201.98;26670;5120;289
5204.02;26670;5600;289
5206.07;26670;5320;289
5208.12;26680;4890;289
5210.17;26680;5320;289
5212.22;26660;6050;289
5214.26;26660;6200;289
5216.31;26660;6270;289
5218.36;26650;6550;289
5220.41;26650;6670;289
5222.46;26650;6550;289
5224.50;26640;6850;289
5226.55;26640;7040;289
5228.60;26630;7550;289
5230.65;26630;7720;289
5232.70;26620;8050;289
5234.74;26610;8670;289
5236.79;26600;9170;289
5238.84;26600;9320;289
5240.89;26580;9920;289
5242.94;26580;9650;289
5244.98;26590;9320;289
5247.03;26580;9470;289
5249.08;26570;10150;289
5251.13;26570;9870;289
5253.18;26570;9400;289
5255.22;26580;8640;289
5257.27;26580;8400;289
5259.32;26590;8000;289
5261.37;26590;8100;289
5263.42;26580;8420;289
5265.46;26580;8820;289
5267.51;26580;8880;289
5269.56;26580;8640;289
5271.61;26580;8400;289
5273.66;26590;7920;289
5275.70;26580;7970;289
5277.75;26580;7800;289
5279.80;26590;7430;289
5281.85;26590;7350;289
5283.90;26590;7620;289
5285.94;26590;7430;289
5287.99;26590;7520;289
5290.04;26590;7570;289
5292.09;26580;7970;289
5294.14;26580;8230;289
5296.18;26580;8630;289
5298.23;26570;9040;289
5300.28;26560;9440;289
5302.33;26560;9300;289
5304.38;26550;9440;289
5306.42;26550;9440;289
5308.47;26550;9150;289
5310.52;26560;8820;289
5312.57;26570;8200;289
5314.62;26560;8200;289
5316.66;26560;8670;289
5318.71;26560;8770;289
5320.76;26550;9030;289
5322.81;26550;9070;289
5324.86;26540;9320;289
5326.90;26540;9900;289
5328.95;26530;9980;289
5331.00;26530;10350;289
5333.05;26520;10520;289
5335.10;26520;10400;289
5337.14;26520;10080;289
5339.19;26520;9770;289
5341.24;26530;9100;289
5343.29;26540;8300;289
5345.34;26550;7840;289
5347.38;26550;7870;289
5349.43;26550;7950;289
5351.48;26550;8050;289
5353.53;26550;8020;289
5355.58;26550;8080;289
5357.62;26550;8400;289
5359.67;26540;8520;289
5361.72;26540;8550;289
5363.77;26530;8820;289
5365.82;26540;8550;289
5367.86;26550;8050;289
5369.91;26550;7650;289
5371.96;26560;7150;289
5374.01;26560;7290;289
5376.06;26560;6970;289
5378.10;26570;6670;289
5380.15;26570;6420;289
5382.20;26570;6020;289
5384.25;26580;5950;289
5386.30;26580;5800;289
5388.34;26580;5800;289
5390.39;26580;5840;289
5392.44;26590;5830;289
5394.49;26580;5830;289
5396.54;26580;6090;289
5398.58;26600;5070;289
5400.63;26600;4720;289
5402.68;26600;5040;289
5404.73;26600;5020;289
5406.78;26600;5250;289
5408.82;26600;5770;289
5410.87;26590;5970;289
5412.92;26590;5870;289
5414.97;26580;6480;289
5417.02;26570;7120;289
5419.06;26570;6970;289
5421.11;26570;6970;289
5423.16;26570;6720;289
5425.21;26570;6370;289
5427.26;26580;5800;289
5429.30;26590;5650;289
5431.35;26590;5500;289
5433.40;26590;5500;289
5435.45;26590;5570;289
5437.50;26580;6080;289
5439.54;26570;7000;289
5441.59;26560;7750;289
5443.64;26550;8270;289
5445.69;26540;8480;289
5447.74;26530;8630;289
5449.78;26530;8570;289
5451.83;26530;8820;289
5453.88;26520;8770;289
5455.93;26530;7840;289
5457.98;26540;7370;289
5460.02;26540;7600;289
5462.07;26530;7750;289
5464.12;26530;7900;289
5466.17;26530;8080;289
5468.22;26520;8480;289
5470.26;26510;8970;289
5472.31;26500;9580;289
5474.36;26510;8350;289
5476.41;26520;8200;289
5478.46;26520;7800;289
5480.50;26530;7500;289
5482.55;26520;7900;289
5484.60;26520;8400;289
5486.65;26510;8800;289
5488.70;26490;9720;289
5490.74;26480;10750;289
5492.79;26470;10670;289
5494.84;26480;9700;289
5496.89;26490;9350;289
5498.94;26490;8880;289
5500.98;26500;8420;289
5503.03;26500;8120;289
5505.08;26500;7900;289
5507.13;26510;7470;289
5509.18;26510;7550;289
5511.22;26510;7900;289
5513.27;26500;8200;289
5515.32;26500;8320;289
5517.37;26490;9100;289
5519.42;26490;8550;289
5521.46;26500;7840;289
5523.51;26510;7430;289
5525.56;26500;7970;289
5527.61;26490;8240;289
5529.66;26500;8020;290
5531.70;26500;8020;290
5533.75;26500;7840;290
5535.80;26510;7430;290
5537.85;26520;6490;290
5539.90;26530;6020;290
5541.94;26530;6090;290
5543.99;26530;6270;290
5546.04;26520;6890;290
5548.09;26530;6270;290
5550.14;26530;5830;290
5552.18;26540;5400;290
5554.23;26550;5220;290
5556.28;26550;5170;290
5558.33;26560;4480;290
5560.38;26560;4770;290
5562.42;26550;5000;290
5564.47;26550;5750;290
5566.52;26540;6090;290
5568.57;26540;5830;290
5570.62;26540;5720;290
5572.66;26550;5440;290
5574.71;26550;5550;290
5576.76;26550;5470;290
5578.81;26550;4920;290
5580.86;26560;4920;290
5582.90;26560;4350;290
5584.95;26570;3620;290
5587.00;26580;3690;290
5589.05;26580;3950;290
5591.10;26580;4170;290
5593.14;26570;4370;290
5595.19;26570;4450;290
5597.24;26570;4520;290
5599.29;26560;4720;290
5601.34;26560;4850;290
5603.38;26560;5250;290
5605.43;26550;5600;290
5607.48;26550;5650;290
5609.53;26550;5720;290
5611.58;26550;5680;290
5613.62;26550;5840;290
5615.67;26540;5870;290
5617.72;26540;6080;290
5619.77;26530;6550;290
5621.82;26520;7150;290
5623.86;26520;7430;290
5625.91;26510;7620;290
5627.96;26520;7070;290
5630.01;26520;6970;290
5632.06;26520;6920;290
5634.10;26500;7500;290
5636.15;26500;7950;290
5638.20;26490;8050;290
5640.25;26500;7650;290
5642.30;26500;7600;290
5644.34;26490;8000;290
5646.39;26480;8300;290
5648.44;26480;8370;290
5650.49;26480;8020;290
5652.54;26480;8120;290
5654.58;26480;7720;290
5656.63;26490;6890;290
5658.68;26500;6420;290
5660.73;26510;5800;290
5662.78;26520;5500;290
5664.82;26530;4950;290
5666.87;26530;4640;290
5668.92;26540;4200;290
5670.97;26550;4000;290
5673.02;26550;3690;290
5675.06;26550;3800;290
5677.11;26560;3570;290
5679.16;26560;3170;290
5681.21;26570;3420;290
5683.26;26560;3520;290
5685.30;26570;3320;290
5687.35;26570;3500;290
5689.40;26560;3920;290
5691.45;26550;4400;290
5693.50;26550;4880;290
5695.54;26540;5320;290
5697.59;26530;5920;290
5699.64;26520;6420;290
5701.69;26500;7720;290
5703.74;26500;7620;290
5705.78;26500;7100;290
5707.83;26510;6670;290
5709.88;26510;6170;290
5711.93;26520;5900;290
5713.98;26520;5840;290
5716.02;26520;5840;290
5718.07;26510;6050;290
5720.12;26500;6800;290
5722.17;26490;7290;290
5724.22;26490;7220;290
5726.26;26490;7200;290
5728.31;26480;7470;290
5730.36;26480;7400;290
5732.41;26480;7280;290
5734.46;26480;7250;290
5736.50;26490;7100;290
5738.55;26480;6850;290
5740.60;26490;6400;290
5742.65;26500;6120;290
5744.70;26500;5250;290
5746.74;26520;4150;290
5748.79;26530;4000;290
5750.84;26530;4120;290
5752.89;26530;4020;290
5754.94;26530;4220;290
5756.98;26530;4520;290
5759.03;26530;4800;290
5761.08;26530;4480;290
5763.13;26530;4050;290
5765.18;26540;3770;290
5767.22;26550;3290;290
5769.27;26550;3020;290
5771.32;26560;3040;290
5773.37;26550;3370;290
5775.42;26550;3500;290
5777.46;26550;3070;290
5779.51;26550;3370;290
5781.56;26560;3070;290
5783.61;26560;3000;290
5785.66;26560;2880;290
5787.70;26570;2480;290
5789.75;26570;2600;290
5791.80;26560;3470;290
5793.85;26550;4700;290
5795.90;26520;5870;290
5797.94;26520;5680;290
5799.99;26520;5320;290
5802.04;26530;4920;290
5804.09;26540;4570;290
5806.14;26540;4200;290
5808.18;26540;4220;290
5810.23;26540;4120;290
5812.28;26530;4420;290
5814.33;26530;4820;290
5816.38;26520;5170;290
5818.42;26520;4970;290
5820.47;26530;4820;290
5822.52;26520;5000;289
5824.57;26520;5070;289
5826.62;26520;5520;289
5828.66;26510;5420;289
5830.71;26510;5870;289
5832.76;26500;6020;289
5834.81;26500;6150;289
5836.86;26500;6200;289
5838.90;26500;5920;289
5840.95;26490;6570;289
5843.00;26490;6850;289
5845.05;26480;6480;289
5847.10;26490;6350;289
5849.14;26490;6150;289
5851.19;26500;5370;289
5853.24;26500;5070;289
5855.29;26510;4750;289
5857.34;26510;5370;289
5859.38;26490;6050;289
5861.43;26490;5970;289
5863.48;26490;6150;289
5865.53;26490;6170;289
5867.58;26490;5870;289
5869.62;26480;6170;289
5871.67;26480;6520;289
5873.72;26470;7030;289
5875.77;26480;5920;289
5877.82;26490;5280;289
5879.86;26490;5250;289
5881.91;26500;5070;289
5883.96;26500;4480;289
5886.01;26510;4490;289
5888.06;26500;5020;289
5890.10;26490;5840;289
5892.15;26480;6050;289
5894.20;26480;6370;289
5896.25;26470;6850;289
5898.30;26460;7350;289
5900.34;26450;7900;289
5902.39;26450;7950;289
5904.44;26440;8200;289
5906.49;26440;8350;289
5908.54;26440;8150;289
5910.58;26440;7500;289
5912.63;26440;7370;289
5914.68;26440;7470;289
5916.73;26450;7220;289
5918.78;26450;6750;289
5920.82;26460;6450;289
5922.87;26460;6170;289
5924.92;26450;6950;289
5926.97;26450;7100;289
5929.02;26440;7200;290
5931.06;26430;8100;290
5933.11;26420;8750;290
5935.16;26410;9120;290
5937.21;26400;9700;290
5939.26;26390;10300;290
5941.30;26380;10520;290
5943.35;26370;11040;290
5945.40;26350;12570;290
5947.45;26320;13770;290
5949.50;26300;14450;290
5951.54;26300;14020;290
5953.59;26320;12920;290
5955.64;26310;12630;290
5957.69;26320;11950;290
5959.74;26330;11030;290
5961.78;26340;10240;290
5963.83;26350;9920;290
5965.88;26360;9220;290
5967.93;26360;9150;290
5969.98;26380;7900;290
5972.02;26390;7840;290
5974.07;26380;8020;290
5976.12;26390;7870;290
5978.17;26390;7570;290
5980.22;26390;7430;290
5982.26;26400;7500;290
5984.31;26390;7830;290
5986.36;26390;7900;290
5988.41;26390;8000;290
5990.46;26390;8100;290
5992.50;26380;8300;290
5994.55;26380;8420;290
5996.60;26390;8020;290
5998.65;26390;7750;290
6000.70;26380;8570;290
6002.74;26360;9700;290
6004.79;26360;9300;290
6006.84;26370;8720;290
6008.89;26370;8450;291
6010.94;26380;8320;291
6012.98;26390;7250;291
6015.03;26400;7000;291
6017.08;26400;6820;291
6019.13;26400;6950;291
6021.18;26400;6890;291
6023.22;26400;6850;291
6025.27;26400;6800;291
6027.32;26400;7000;291
6029.37;26390;7570;291
6031.42;26380;8050;291
6033.46;26380;8230;291
6035.51;26370;9150;291
6037.56;26360;9000;291
6039.61;26370;8320;291
6041.66;26390;6880;291
6043.70;26390;6570;291
6045.75;26400;6450;291
6047.80;26400;6630;291
6049.85;26380;7800;291
6051.90;26380;7950;291
6053.94;26370;8320;291
6055.99;26370;8700;291
6058.04;26360;9040;291
6060.09;26360;9030;291
6062.14;26370;8000;291
6064.18;26380;7440;291
6066.23;26380;7100;291
6068.28;26390;6920;291
6070.33;26400;5970;291
6072.38;26410;5570;291
6074.42;26420;4490;291
6076.47;26430;3870;291
6078.52;26440;3620;291
6080.57;26440;3970;291
6082.62;26420;5120;291
6084.66;26430;4920;291
6086.71;26430;4820;291
6088.76;26430;4570;291
6090.81;26430;4670;291
6092.86;26430;5100;291
6094.90;26430;4950;291
6096.95;26430;4520;291
6099.00;26440;3970;291
6101.05;26450;3840;291
6103.10;26450;4150;291
6105.14;26440;4350;291
6107.19;26440;4640;291
6109.24;26430;5100;291
6111.29;26430;5150;291
6113.34;26430;4240;291
6115.38;26450;3920;291
6117.43;26450;3920;291
6119.48;26450;3900;291
6121.53;26450;4000;291
6123.58;26450;4320;291
6125.62;26440;4800;291
6127.67;26440;4820;291
6129.72;26430;5170;291
6131.77;26430;5520;291
6133.82;26420;6020;291
6135.86;26420;6150;291
6137.91;26410;6270;291
6139.96;26400;7170;291
6142.01;26390;8020;291
6144.06;26380;8270;291
6146.10;26370;8300;291
6148.15;26370;8480;291
6150.20;26360;8570;291
6152.25;26360;8880;291
6154.30;26350;9580;291
6156.34;26350;9300;291
6158.39;26340;9120;291
6160.44;26350;8630;291
6162.49;26350;7840;291
6164.54;26360;7400;291
6166.58;26370;7150;291
6168.63;26370;6950;291
6170.68;26370;7030;291
6172.73;26370;7200;291
6174.78;26360;7430;291
6176.82;26360;7680;291
6178.87;26350;8270;291
6180.92;26350;8020;292
6182.97;26350;8240;292
6185.02;26340;8630;292
6187.06;26330;9150;292
6189.11;26340;8600;292
6191.16;26340;8230;292
6193.21;26340;8020;292
6195.26;26340;7870;292
6197.30;26350;6850;292
6199.35;26370;6370;292
6201.40;26360;6570;292
6203.45;26360;7030;292
6205.50;26350;7370;292
6207.54;26340;8150;292
6209.59;26330;8600;292
6211.64;26330;8550;292
6213.69;26330;8850;292
6215.74;26320;9040;292
6217.78;26310;9440;292
6219.83;26300;10050;292
6221.88;26300;9680;292
6223.93;26300;9430;292
6225.98;26310;9250;292
6228.02;26300;9250;292
6230.07;26310;9200;292
6232.12;26300;9830;292
6234.17;26310;9000;292
6236.22;26320;7900;292
6238.26;26330;7350;292
6240.31;26340;6700;292
6242.36;26350;6090;292
6244.41;26350;5950;292
6246.46;26360;5500;292
6248.50;26360;5690;292
6250.55;26360;6020;292
6252.60;26360;6300;292
6254.65;26350;6880;292
6256.70;26340;7400;292
6258.74;26330;7900;292
6260.79;26320;8800;292
6262.84;26300;9720;292
6264.89;26290;10380;292
6266.94;26280;10850;292
6268.98;26270;11280;292
6271.03;26260;11600;293
6273.08;26250;12230;293
6275.13;26240;12550;293
6277.18;26230;13280;293
6279.22;26210;14500;293
6281.27;26200;14170;293
6283.32;26200;14420;293
6285.37;26190;14100;293
6287.42;26190;14020;293
6289.46;26190;14320;293
6291.51;26190;13850;293
6293.56;26190;13180;293
6295.61;26190;13200;293
6297.66;26190;13280;293
6299.70;26190;13430;293
6301.75;26200;12150;293
6303.80;26210;11680;293
6305.85;26210;11250;293
6307.90;26220;10900;293
6309.94;26230;10400;293
6311.99;26230;9830;294
6314.04;26240;9700;294
6316.09;26240;9430;294
6318.14;26250;9400;294
6320.18;26250;9280;294
6322.23;26260;8370;294
6324.28;26280;7500;294
6326.33;26290;6670;294
6328.38;26300;6230;294
6330.42;26300;6150;294
6332.47;26300;6880;294
6334.52;26290;7000;294
6336.57;26300;6890;294
6338.62;26300;7150;294
6340.66;26290;7290;294
6342.71;26290;7750;294
6344.76;26290;7840;294
6346.81;26290;7500;294
6348.86;26280;7950;294
6350.90;26290;7570;294
6352.95;26290;7220;295
6355.00;26300;6490;295
6357.05;26310;5830;295
6359.10;26320;5320;295
6361.14;26330;5100;295
6363.19;26320;5770;295
6365.24;26320;5830;295
6367.29;26320;6020;295
6369.34;26310;6120;295
6371.38;26310;6720;295
6373.43;26290;7830;295
6375.48;26280;8350;295
6377.53;26270;8600;295
6379.58;26270;9200;295
6381.62;26260;9650;295
6383.67;26250;9800;295
6385.72;26250;9500;295
6387.77;26250;9720;295
6389.82;26240;10350;295
6391.86;26220;11430;295
6393.91;26210;11980;295
6395.96;26200;12570;295
6398.01;26200;12170;295
6400.06;26200;11980;295
6402.10;26200;11980;295
6404.15;26190;12250;295
6406.20;26170;12950;295
6408.25;26170;13000;295
6410.30;26160;13830;295
6412.34;26150;14270;295
6414.39;26140;14100;295
6416.44;26140;14270;295
6418.49;26140;14200;296
6420.54;26130;14250;296
6422.58;26130;14170;296
6424.63;26130;14080;296
6426.68;26130;13950;296
6428.73;26150;12270;296
6430.78;26180;10350;296
6432.82;26190;9280;296
6434.87;26210;8270;296
6436.92;26220;8200;296
6438.97;26220;8200;296
6441.02;26220;8100;296
6443.06;26230;7970;297
6445.11;26230;7750;297
6447.16;26240;7000;297
6449.21;26240;7200;297
6451.26;26250;6970;297
6453.30;26250;7290;297
6455.35;26240;7680;297
6457.40;26250;7170;297
6459.45;26250;7620;297
6461.50;26230;8370;297
6463.54;26230;8350;297
6465.59;26240;7680;297
6467.64;26260;6350;297
6469.69;26270;5650;297
6471.74;26280;5250;297
6473.78;26290;4890;297
6475.83;26290;4720;297
6477.88;26290;4800;297
6479.93;26290;4890;297
6481.98;26290;4770;297
6484.02;26300;4480;297
6486.07;26300;4550;297
6488.12;26300;4890;297
6490.17;26290;5720;297
6492.22;26280;6400;297
6494.26;26280;6420;297
6496.31;26270;6520;297
6498.36;26270;6820;297
6500.41;26260;7150;298
6502.46;26260;7440;298
6504.50;26260;7120;298
6506.55;26260;7250;298
6508.60;26250;7680;298
6510.65;26250;8320;298
6512.70;26240;8450;298
6514.74;26230;9320;298
6516.79;26220;9350;298
6518.84;26210;9620;298
6520.89;26200;10020;298
6522.94;26200;10380;298
6524.98;26190;10800;298
6527.03;26190;10320;298
6529.08;26190;10640;298
6531.13;26180;10800;298
6533.18;26180;10920;298
6535.22;26170;11250;298
6537.27;26160;12170;298
6539.32;26140;12850;298
6541.37;26130;13550;298
6543.42;26120;13830;298
6545.46;26120;13150;298
6547.51;26120;13250;298
6549.56;26100;14350;298
6551.61;26100;14480;298
6553.66;26100;13950;298
6555.70;26090;14170;298
6557.75;26090;14250;299
6559.80;26090;14050;299
6561.85;26090;14130;299
6563.90;26080;14480;299
6565.94;26080;14500;299
6567.99;26080;14300;299
6570.04;26080;13600;299
6572.09;26100;12970;299
6574.14;26100;12420;299
6576.18;26110;11850;299
6578.23;26120;11550;299
6580.28;26110;11470;299
6582.33;26130;10050;299
6584.38;26130;10240;299
6586.42;26140;9900;299
6588.47;26150;9840;299
6590.52;26150;9580;300
6592.57;26150;9370;300
6594.62;26150;9280;300
6596.66;26160;8900;300
6598.71;26160;8750;300
6600.76;26170;8820;300
6602.81;26170;8800;300
6604.86;26160;8900;300
6606.90;26160;9030;301
6608.95;26160;9120;301
6611.00;26170;8670;301
6613.05;26170;8200;301
6615.10;26190;7320;301
6617.14;26190;7350;301
6619.19;26200;7070;301
6621.24;26200;6400;301
6623.29;26210;6570;301
6625.34;26210;6700;301
6627.38;26200;6920;301
6629.43;26200;7100;302
6631.48;26190;7520;302
6633.53;26180;8300;302
6635.58;26160;9650;302
6637.62;26130;11580;302
6639.67;26120;11850;302
6641.72;26120;12230;302
6643.77;26100;12850;302
6645.82;26120;11450;302
6647.86;26130;10600;302
6649.91;26130;10020;302
6651.96;26140;9700;302
6654.01;26140;9370;302
6656.06;26160;8240;302
6658.10;26170;7830;302
6660.15;26190;6120;302
6662.20;26200;5370;302
6664.25;26210;4770;302
6666.30;26220;4600;302
6668.34;26230;3950;302
6670.39;26240;4000;303
6672.44;26240;4000;303
6674.49;26240;4240;303
6676.54;26240;4240;303
6678.58;26250;3950;303
6680.63;26250;4320;303
6682.68;26240;4820;303
6684.73;26230;4970;303
6686.78;26240;5200;303
6688.82;26240;4450;303
6690.87;26250;4300;303
6692.92;26250;4370;303
6694.97;26250;4170;303
6697.02;26250;4200;303
6699.06;26250;4450;303
6701.11;26240;4800;303
6703.16;26620;5200;303
6705.21;26230;5770;303
6707.26;26220;6080;303
6709.30;26220;6350;303
6711.35;26210;6880;303
6713.40;26200;7600;303
6715.45;26190;8370;303
6717.50;26170;9040;303
6719.54;26160;9430;304
6721.59;26150;10000;304
6723.64;26150;10240;304
6725.69;26140;10850;304
6727.74;26130;10970;304
6729.78;26120;11220;304
6731.83;26110;11520;304
6733.88;26120;11150;304
6735.93;26110;11300;304
6737.98;26120;10120;304
6740.02;26130;9580;304
6742.07;26140;9280;304
6744.12;26140;9200;304
6746.17;26140;9070;304
6748.22;26140;9040;304
6750.26;26130;9680;304
6752.31;26120;9920;304
6754.36;26120;10350;304
6756.41;26110;10970;304
6758.46;26090;11650;304
6760.50;26080;12230;304
6762.55;26080;12350;304
6764.60;26070;12670;304
6766.65;26070;12900;305
6768.70;26070;12630;305
6770.74;26060;12520;305
6772.79;26070;12100;305
6774.84;26070;12050;305
6776.89;26070;11550;305
6778.94;26080;11100;305
6780.98;26080;10950;305
6783.03;26090;10600;305
6785.08;26090;10170;305
6787.13;26100;9700;305
6789.18;26110;9250;305
6791.22;26110;8700;306
6793.27;26120;8150;306
6795.32;26140;7170;306
6797.37;26150;6630;306
6799.42;26150;6420;306
6801.46;26160;6120;306
6803.51;26160;5720;306
6805.56;26180;5000;306
6807.61;26190;4450;306
6809.66;26200;3950;306
6811.70;26220;2970;306
6813.75;26210;3440;306
6815.80;26220;3350;307
6817.85;26220;3170;307
6819.90;26230;2970;307
6821.94;26230;2970;307
6823.99;26230;3140;307
6826.04;26230;3400;307
6828.09;26220;4050;307
6830.14;26210;4550;307
6832.18;26210;4750;307
6834.23;26200;5470;307
6836.28;26190;5920;307
6838.33;26180;6670;307
6840.38;26170;7350;307
6842.42;26160;8000;307
6844.47;26150;8720;307
6846.52;26130;9350;307
6848.57;26130;9620;307
6850.62;26120;10050;307
6852.66;26110;10500;307
6854.71;26110;10550;307
6856.76;26100;10640;307
6858.81;26100;10450;307
6860.86;26090;10480;307
6862.90;26100;9750;307
6864.95;26100;9500;308
6867.00;26100;9320;308
6869.05;26100;9320;308
6871.10;26100;9400;308
6873.14;26090;9870;308
6875.19;26090;10400;308
6877.24;26080;10630;308
6879.29;26080;10640;308
6881.34;26070;11200;308
6883.38;26070;11200;308
6885.43;26060;11320;308
6887.48;26060;11470;308
6889.53;26060;11350;308
6891.58;26060;11200;308
6893.62;26070;10200;308
6895.67;26080;9520;308
6897.72;26080;9520;308
6899.77;26080;9620;308
6901.82;26080;9520;308
6903.86;26080;9470;309
6905.91;26090;9300;309
6907.96;26090;9100;309
6910.01;26090;9070;309
6912.06;26090;9100;309
6914.10;26090;9150;309
6916.15;26090;8170;309
6918.20;26100;7830;309
6920.25;26120;6850;309
6922.30;26130;6270;309
6924.34;26130;6420;309
6926.39;26130;5970;309
6928.44;26140;5970;310
6930.49;26140;5920;310
6932.54;26140;6050;310
6934.58;26140;6300;310
6936.63;26140;6370;310
6938.68;26140;6550;310
6940.73;26130;6920;310
6942.78;26120;7470;310
6944.82;26110;8100;310
6946.87;26110;8370;310
6948.92;26100;8850;310
6950.97;26090;9150;310
6953.02;26090;9440;311
6955.06;26080;9900;311
6957.11;26070;10200;311
6959.16;26070;10670;311
6961.21;26060;10550;311
6963.26;26060;10300;311
6965.30;26060;10100;311
6967.35;26060;10120;311
6969.40;26060;10230;311
6971.45;26060;10420;311
6973.50;26050;10670;311
6975.54;26050;10950;311
6977.59;26050;10780;311
6979.64;26050;10640;311
6981.69;26050;10450;311
6983.74;26050;9900;311
6985.78;26060;9650;312
6987.83;26060;9800;312
6989.88;26050;9980;312
6991.93;26060;9500;312
6993.98;26060;8850;312
6996.02;26080;7570;312
6998.07;26090;7320;312
7000.12;26100;6150;312
7002.17;26110;5720;312
7004.22;26120;5290;312
7006.26;26130;5150;312
7008.31;26130;4880;312
7010.36;26140;4640;313
7012.41;26150;4020;313
7014.46;26160;3750;313
7016.50;26160;3500;313
7018.55;26170;3280;313
7020.60;26170;3440;313
7022.65;26170;3200;313
7024.70;26180;2550;313
7026.74;26180;2740;313
7028.79;26190;2490;313
7030.84;26190;2570;313
7032.89;26190;2720;313
7034.94;26190;2320;313
7036.98;26190;2370;313
7039.03;26200;2270;313
7041.08;26190;2600;313
7043.13;26200;2550;313
7045.18;26190;2670;313
7047.22;26190;2950;313
7049.27;26190;3470;314
7051.32;26180;3600;314
7053.37;26180;3770;314
7055.42;26180;3680;314
7057.46;26170;4600;314
7059.51;26160;5120;314
7061.56;26160;5220;314
7063.61;26150;5800;314
7065.66;26140;5970;314
7067.70;26140;5920;314
7069.75;26150;5550;314
7071.80;26140;5290;314
7073.85;26160;4300;314
7075.90;26160;4080;314
7077.94;26170;3820;314
7079.99;26170;4020;314
7082.04;26160;4150;314
7084.09;26170;4050;314
7086.14;26170;3750;314
7088.18;26170;3900;314
7090.23;26170;3720;314
7092.28;26170;3820;314
7094.33;26170;3820;314
7096.38;26170;4150;314
7098.42;26160;4570;314
7100.47;26160;4750;314
7102.52;26160;4950;314
7104.57;26150;5120;314
7106.62;26140;5830;314
7108.66;26130;6640;314
7110.71;26120;7070;314
7112.76;26120;6770;314
7114.81;26110;7290;314
7116.86;26110;7200;314
7118.90;26100;7920;314
7120.95;26090;8200;314
7123.00;26080;9000;314
7125.05;26070;9520;314
7127.10;26060;9840;314
7129.14;26060;10020;314
7131.19;26050;10270;314
7133.24;26040;10700;314
7135.29;26040;10350;314
7137.34;26050;9680;314
7139.38;26050;9400;314
7141.43;26050;9100;314
7143.48;26050;8880;314
7145.53;26060;8520;314
7147.58;26070;8170;315
7149.62;26070;7440;315
7151.67;26080;7000;315
7153.72;26090;6350;315
7155.77;26090;6300;315
7157.82;26090;6370;315
7159.86;26100;6640;315
7161.91;26090;6230;315
7163.96;26110;4970;315
7166.01;26120;4720;315
7168.06;26120;4420;315
7170.10;26130;4150;315
7172.15;26130;4150;315
7174.20;26130;4480;315
7176.25;26120;5370;315
7178.30;26110;5750;316
7180.34;26110;5720;316
7182.39;26110;5470;316
7184.44;26120;5280;316
7186.49;26120;5040;316
7188.54;26120;5170;316
7190.58;26110;5550;316
7192.63;26110;5690;316
7194.68;26120;5350;316
7196.73;26110;5570;316
7198.78;26110;5750;316
7200.82;26110;5650;316
7202.87;26110;5550;316
7204.92;26110;5650;316
7206.97;26110;5500;316
7209.02;26110;5350;316
7211.06;26110;5570;316
7213.11;26110;5470;316
7215.16;26110;5680;316
7217.21;26110;5800;316
7219.26;26100;6200;317
7221.30;26090;6880;317
7223.35;26080;7470;317
7225.40;26070;8000;317
7227.45;26060;8520;317
7229.50;26060;8350;317
7231.54;26060;8520;317
7233.59;26060;8480;317
7235.64;26060;8240;317
7237.69;26050;8550;317
7239.74;26050;8770;317
7241.78;26050;8100;317
7243.83;26050;8230;317
7245.88;26050;8520;317
7247.93;26040;9250;317
7249.98;26030;9320;317
7252.02;26030;9400;317
7254.07;26030;9250;317
7256.12;26030;8920;317
7258.17;26030;8800;317
7260.22;26030;9100;318
7262.26;26040;8420;318
7264.31;26040;8170;318
7266.36;26040;8000;318
7268.41;26040;7900;318
7270.46;26050;7500;318
7272.50;26060;6800;318
7274.55;26070;6350;318
7276.60;26070;5950;318
7278.65;26080;5770;318
7280.70;26080;5900;318
7282.74;26080;6050;318
7284.79;26070;6120;318
7286.84;26070;6080;318
7288.89;26080;6000;318
7290.94;26080;5830;319
7292.98;26080;6050;319
7295.03;26070;6370;319
7297.08;26070;6550;319
7299.13;26060;7200;319
7301.18;26050;7570;319
7303.22;26050;7840;319
7305.27;26050;7620;319
7307.32;26050;7650;319
7309.37;26050;7500;319
7311.42;26050;7370;319
7313.46;26050;7120;319
7315.51;26050;6970;319
7317.56;26050;6920;319
7319.61;26050;7250;319
7321.66;26050;7430;319
7323.70;26050;7650;320
7325.75;26030;8370;320
7327.80;26030;8080;320
7329.85;26040;7150;320
7331.90;26050;6880;320
7333.94;26050;6920;320
7335.99;26050;6920;320
7338.04;26060;6120;320
7340.09;26070;5690;320
7342.14;26060;5920;320
7344.18;26070;5690;320
7346.23;26070;5200;320
7348.28;26080;4850;320
7350.33;26080;5000;320
7352.38;26080;4700;320
7354.42;26080;4800;320
7356.47;26090;4720;321
7358.52;26080;5040;321
7360.57;26080;5020;321
7362.62;26080;5290;321
7364.66;26080;5440;321
7366.71;26080;5170;321
7368.76;26080;5120;321
7370.81;26080;4880;321
7372.86;26080;4800;321
7374.90;26080;5020;321
7376.95;26080;5420;321
7379.00;26070;5830;321
7381.05;26060;6670;321
7383.10;26060;5770;321
7385.14;26070;5350;321
7387.19;26070;5750;321
7389.24;26070;5320;321
7391.29;26080;4720;321
7393.34;26080;4920;321
7395.38;26070;5370;321
7397.43;26070;5720;321
7399.48;26060;6570;321
7401.53;26050;7030;321
7403.58;26050;6970;321
7405.62;26040;7280;322
7407.67;26030;7900;322
7409.72;26020;8820;322
7411.77;26010;9620;322
7413.82;26000;10150;322
7415.86;25990;10570;322
7417.91;25980;10520;322
7419.96;25980;10780;322
7422.01;25970;10950;322
7424.06;25970;10700;322
7426.10;25980;9650;322
7428.15;25990;8950;322
7430.20;26000;8350;322
7432.25;26010;7470;322
7434.30;26030;5970;322
7436.34;26040;5570;322
7438.39;26040;5320;322
7440.44;26050;5280;322
7442.49;26060;4570;322
7444.54;26060;4570;323
7446.58;26050;5200;323
7448.63;26030;6750;323
7450.68;26020;7840;323
7452.73;26010;8400;323
7454.78;26010;8450;323
7456.82;26000;9000;323
7458.87;26000;8670;323
7460.92;26000;8320;323
7462.97;26000;8400;323
7465.02;26000;8150;323
7467.06;26000;7920;323
7469.11;26000;7950;324
7471.16;26000;8200;324
7473.21;25990;8630;324
7475.26;25990;8100;324
7477.30;25990;8400;324
7479.35;26000;7770;324
7481.40;26000;7290;324
7483.45;26010;7170;324
7485.50;26000;7500;324
7487.54;26000;7720;324
7489.59;26000;6890;324
7491.64;26010;6490;324
7493.69;26020;6050;324
7495.74;26040;4480;324
7497.78;26040;4300;324
7499.83;26050;3800;324
7501.88;26050;3970;325
7503.93;26050;4220;325
7505.98;26050;4700;325
7508.02;26040;4920;325
7510.07;26040;5280;325
7512.12;26040;5680;325
7514.17;26030;6270;325
7516.22;26020;6520;325
7518.26;26020;6890;325
7520.31;26010;7250;325
7522.36;26010;7320;325
7524.41;26010;7290;325
7526.46;26010;7200;325
7528.50;26000;7400;325
7530.55;26000;7320;325
7532.60;26000;7500;325
7534.65;25990;7620;326
7536.70;25990;8300;326
7538.74;25980;8320;326
7540.79;25990;8050;326
7542.84;25980;8050;326
7544.89;25980;8270;326
7546.94;25970;8880;326
7548.98;25960;9650;326
7551.03;25950;9770;326
7553.08;25950;10600;326
7555.13;25930;11370;326
7557.18;25920;11950;326
7559.22;25910;12630;326
7561.27;25900;12400;326
7563.32;25900;12780;326
7565.37;25890;12850;327
7567.42;25890;12700;327
7569.46;25890;12450;327
7571.51;25890;12150;327
7573.56;25890;12250;327
7575.61;25890;12480;327
7577.66;25890;11980;327
7579.70;25880;12500;327
7581.75;25870;12800;327
7583.80;25870;12670;327
7585.85;25880;12700;327
7587.90;25880;11950;327
7589.94;25880;11600;328
7591.99;25880;11400;328
7594.04;25890;11030;328
7596.09;25900;10550;328
7598.14;25900;10020;328
7600.18;25900;9830;328
7602.23;25900;9720;328
7604.28;25910;9620;328
7606.33;25910;9400;329
7608.38;25910;9300;329
7610.42;25920;8800;329
7612.47;25920;8270;329
7614.52;25920;8820;329
7616.57;25910;9250;329
7618.62;25910;9040;329
7620.66;25910;9170;329
7622.71;25910;9620;330
7624.76;25900;10380;330
7626.81;25890;10750;330
7628.86;25890;10700;330
7630.90;25890;10850;330
7632.95;25880;11430;330
7635.00;25880;10640;330
7637.05;25880;10630;330
7639.10;25880;10920;330
7641.14;25880;10480;330
7643.19;25890;9840;330
7645.24;25890;9580;330
7647.29;25900;9000;331
7649.34;25910;8480;331
7651.38;25910;8300;331
7653.43;25910;7800;331
7655.48;25920;7290;331
7657.53;25930;7100;331
7659.58;25930;6450;331
7661.62;25940;6490;331
7663.67;25940;6120;332
7665.72;25940;6090;332
7667.77;25950;5840;332
7669.82;25950;6050;332
7671.86;25940;6400;332
7673.91;25940;6800;332
7675.96;25930;7350;332
7678.01;25920;8100;332
7680.06;25920;7700;332
7682.10;25920;8170;332
7684.15;25910;8850;332
7686.20;25900;9100;333
7688.25;25900;8800;333
7690.30;25910;8240;333
7692.34;25900;8970;333
7694.39;25890;9830;333
7696.44;25880;10640;333
7698.49;25870;11250;333
7700.54;25860;11150;333
7702.58;25860;10900;333
7704.63;25860;10670;333
7706.68;25860;10780;333
7708.73;25860;10570;333
7710.78;25860;10670;334
7712.82;25850;11000;334
7714.87;25850;10800;334
7716.92;25860;10050;334
7718.97;25860;9500;334
7721.02;25860;9830;334
7723.06;25860;10100;334
7725.11;25860;9620;334
7727.16;25860;9720;334
7729.21;25860;9580;334
7731.26;25860;9770;334
7733.30;25850;10020;334
7735.35;25860;9030;335
7737.40;25860;9220;335
7739.45;25860;9520;335
7741.50;25860;9470;335
7743.54;25850;9830;335
7745.59;25850;10230;335
7747.64;25850;10320;335
7749.69;25850;9750;335
7751.74;25850;9350;336
7753.78;25860;9220;336
7755.83;25860;9120;336
7757.88;25860;9030;336
7759.93;25860;8230;336
7761.98;25870;8240;336
7764.02;25870;8020;336
7766.07;25870;8050;336
7768.12;25880;7650;336
7770.17;25880;6800;336
7772.22;25890;6920;336
7774.26;25880;7470;336
7776.31;25880;7680;337
7778.36;25870;7870;337
7780.41;25880;7680;337
7782.46;25880;7400;337
7784.50;25880;6950;337
7786.55;25880;7000;337
7788.60;25880;7030;337
7790.65;25890;6600;337
7792.70;25890;6320;337
7794.74;25890;5690;337
7796.79;25910;4770;337
7798.84;25920;4120;338
7800.89;25930;3470;338
7802.94;25940;3140;338
7804.98;25950;2920;338
7807.03;25950;2490;338
7809.08;25950;2850;338
7811.13;25950;2770;338
7813.18;25960;2640;338
7815.22;25950;3070;338
7817.27;25950;3950;338
7819.32;25940;4670;338
7821.37;25930;5150;338
7823.42;25920;5680;338
7825.46;25910;6480;338
7827.51;25900;6850;338
7829.56;25900;6950;338
7831.61;25890;7040;338
7833.66;25890;7000;338
7835.70;25890;6890;338
7837.75;25890;6950;338
7839.80;25890;6890;338
7841.85;25890;6640;338
7843.90;25900;6020;338
7845.94;25910;5150;338
7847.99;25910;5040;339
7850.04;25910;5220;339
7852.09;25900;5870;339
7854.14;25900;6120;339
7856.18;25890;6240;339
7858.23;25890;6700;339
7860.28;25880;7000;339
7862.33;25880;7350;339
7864.38;25870;7920;339
7866.42;25850;8880;339
7868.47;25850;8720;339
7870.52;25860;8020;339
7872.57;25850;8170;339
7874.62;25850;8320;339
7876.66;25850;8100;339
7878.71;25860;7840;339
7880.76;25850;8170;339
7882.81;25850;8700;339
7884.86;25840;8230;339
7886.90;25850;7970;339
7888.95;25850;8270;340
7891.00;25840;8350;340
7893.05;25840;8240;340
7895.10;25840;8880;340
7897.14;25830;8630;340
7899.19;25840;7840;340
7901.24;25840;8000;340
7903.29;25840;8240;340
7905.34;25830;8880;340
7907.38;25820;9150;340
7909.43;25820;8920;340
7911.48;25820;9040;340
7913.53;25820;9350;340
7915.58;25810;9770;340
7917.62;25810;9920;340
7919.67;25800;10480;341
7921.72;25790;10950;341
7923.77;25770;12020;341
7925.82;25760;12570;341
7927.86;25770;11870;341
7929.91;25770;11870;341
7931.96;25770;11550;341
7934.01;25770;10920;341
7936.06;25770;10720;341
7938.10;25770;10480;341
7940.15;25770;10350;341
7942.20;25770;10420;341
7944.25;25770;10800;342
7946.30;25760;11120;342
7948.34;25760;11470;342
7950.39;25750;11950;342
7952.44;25740;12170;342
7954.49;25740;12480;342
7956.54;25730;12780;342
7958.58;25730;12720;342
7960.63;25730;12570;343
7962.68;25730;11850;343
7964.73;25730;11220;343
7966.78;25740;10820;343
7968.82;25740;11070;343
7970.87;25730;11900;343
7972.92;25730;11580;343
7974.97;25740;10880;343
7977.02;25740;10240;344
7979.06;25750;9800;344
7981.11;25750;9430;344
7983.16;25760;9170;344
7985.21;25760;9070;344
7987.26;25750;9500;344
7989.30;25750;9800;344
7991.35;25750;10100;344
7993.40;25750;9980;344
7995.45;25740;10000;344
7997.50;25740;10080;344
7999.54;25750;9680;344
8001.59;25750;9040;345
8003.64;25760;8480;345
8005.69;25760;8020;345
8007.74;25770;7720;345
8009.78;25770;7700;345
8011.83;25770;7840;345
8013.88;25770;8200;345
8015.93;25760;8480;345
8017.98;25760;8170;346
8020.02;25760;8120;346
8022.07;25760;7970;346
8024.12;25760;8000;346
8026.17;25760;7900;346
8028.22;25760;7920;346
8030.26;25760;8230;346
8032.31;25760;8500;346
8034.36;25750;8500;346
8036.41;25760;8240;346
8038.46;25750;8420;346
8040.50;25750;8700;346
8042.55;25740;9220;347
8044.60;25740;9900;347
8046.65;25730;10240;347
8048.70;25730;10050;347
8050.74;25720;10120;347
8052.79;25720;10020;347
8054.84;25730;9070;347
8056.89;25730;9040;347
8058.94;25730;9350;347
8060.98;25720;9770;347
8063.03;25720;9650;347
8065.08;25730;8880;347
8067.13;25730;8400;347
8069.18;25730;8370;347
8071.22;25730;8700;347
8073.27;25730;9000;348
8075.32;25720;9030;348
8077.37;25730;8100;348
8079.42;25740;7900;348
8081.46;25740;7920;348
8083.51;25740;7520;348
8085.56;25740;7620;348
8087.61;25740;7700;348
8089.66;25740;7900;349
8091.70;25730;8300;349
8093.75;25730;8370;349
8095.80;25720;8920;349
8097.85;25720;9280;349
8099.90;25710;9870;349
8101.94;25700;10780;349
8103.99;25690;11180;349
8106.04;25690;11030;349
8108.09;25690;10850;349
8110.14;25680;11350;349
8112.18;25670;11750;349
8114.23;25670;11900;349
8116.28;25670;11900;349
8118.33;25660;11500;349
8120.38;25670;11580;349
8122.42;25670;11470;350
8124.47;25670;11120;350
8126.52;25670;10420;350
8128.57;25680;10380;350
8130.62;25670;10570;350
8132.66;25670;10720;350
8134.71;25670;10820;350
8136.76;25670;10550;350
8138.81;25670;10020;351
8140.86;25670;10300;351
8142.90;25670;10320;351
8144.95;25670;10100;351
8147.00;25670;10320;351
8149.05;25670;10230;351
8151.10;25670;10000;351
8153.14;25670;10000;351
8155.19;25670;9870;352
8157.24;25670;9720;352
8159.29;25670;9980;352
8161.34;25670;10230;352
8163.38;25670;9950;352
8165.43;25670;10120;352
8167.48;25670;10230;352
8169.53;25660;10600;352
8171.58;25650;11620;353
8173.62;25640;11580;353
8175.67;25650;11030;353
8177.72;25650;10480;353
8179.77;25650;10970;353
8181.82;25660;10120;353
8183.86;25650;10670;353
8185.91;25650;10300;354
8187.96;25680;8230;354
8190.01;25690;7200;354
8192.06;25700;6970;354
8194.10;25700;6820;354
8196.15;25700;7040;354
8198.20;25700;7170;354
8200.25;25700;7070;354
8202.30;25700;7470;354
8204.34;25700;7950;354
8206.39;25690;8100;354
8208.44;25690;8450;354
8210.49;25680;8700;355
8212.54;25680;8750;355
8214.58;25680;8970;355
8216.63;25680;9300;355
8218.68;25670;9520;355
8220.73;25670;10000;355
8222.78;25660;10600;355
8224.82;25660;10080;355
8226.87;25660;9950;355
8228.92;25650;10240;355
8230.97;25650;10240;355
8233.02;25650;10750;355
8235.06;25640;11070;356
8237.11;25640;11370;356
8239.16;25630;12170;356
8241.21;25620;12950;356
8243.26;25610;13430;356
8245.30;25600;13520;356
8247.35;25600;13370;356
8249.40;25600;13300;356
8251.45;25600;13500;356
8253.50;25600;13100;356
8255.54;25600;12630;356
8257.59;25600;12750;356
8259.64;25600;12480;357
8261.69;25600;12080;357
8263.74;25610;11700;357
8265.78;25610;11620;357
8267.83;25610;11980;358
8269.88;25610;11830;358
8271.93;25600;12100;358
8273.98;25600;12050;358
8276.02;25610;11650;358
8278.07;25610;11500;358
8280.12;25610;11470;358
8282.17;25620;10720;358
8284.22;25620;10800;359
8286.26;25610;10850;359
8288.31;25610;11120;359
8290.36;25610;11040;359
8292.41;25610;11030;359
8294.46;25610;11150;359
8296.50;25620;10700;359
8298.55;25620;10630;359
8300.60;25620;10520;360
8302.65;25620;10670;360
8304.70;25620;10170;360
8306.74;25620;9770;360
8308.79;25620;10000;360
8310.84;25620;10020;360
8312.89;25620;9830;360
8314.94;25620;10000;361
8316.98;25620;10500;361
8319.03;25610;11070;361
8321.08;25610;10800;361
8323.13;25610;10700;361
8325.18;25610;10550;361
8327.22;25620;9550;361
8329.27;25630;9220;361
8331.32;25630;9470;361
8333.37;25620;9600;361
8335.42;25620;9500;361
8337.46;25620;10020;361
8339.51;25610;10670;362
8341.56;25610;10970;362
8343.61;25600;11320;362
8345.66;25600;11800;362
8347.70;25590;12480;362
8349.75;25570;13280;362
8351.80;25560;13980;362
8353.85;25560;14550;362
8355.90;25550;14450;363
8357.94;25550;14320;363
8359.99;25540;14270;363
8362.04;25540;14750;363
8364.09;25530;15350;363
8366.14;25530;15300;363
8368.18;25520;15030;363
8370.23;25530;14420;363
8372.28;25520;15330;364
8374.33;25520;15120;364
8376.38;25510;15650;364
8378.42;25510;15580;364
8380.47;25510;15600;364
8382.52;25510;15350;364
8384.57;25510;15500;364
8386.62;25510;15500;364
8388.66;25500;15500;365
8390.71;25500;15500;365
8392.76;25500;15580;365
8394.81;25500;15550;365
8396.86;25500;15370;366
8398.90;25500;15280;366
8400.95;25490;15470;366
8403.00;25490;15220;366
8405.05;25490;15450;366
8407.10;25490;15250;366
8409.14;25490;15400;366
8411.19;25490;15430;366
8413.24;25490;15250;367
8415.29;25480;15430;367
8417.34;25480;15150;367
8419.38;25120;49310;367
8421.43;25220;28650;368
8423.48;25190;35480;368
8425.53;25280;26250;368
8427.58;25320;21400;368
8429.62;25390;22400;369
8431.67;25340;17700;369
8433.72;25530;9300;369
8435.77;25540;1600;369
8437.82;25470;19180;370
8439.86;25470;8450;370
8441.91;25430;12450;370
8443.96;25400;15800;371
8446.01;25340;19850;371
8448.06;25180;30480;371
8450.10;25230;12900;371
8452.15;25320;21800;372
8454.20;25450;7920;372
8456.25;25430;11450;372
8458.30;25510;4750;372
8460.34;25450;8850;373
8462.39;25510;5370;373
8464.44;25450;14850;373
8466.49;25410;16950;373
8468.54;25550;2080;374
8470.58;25600;1620;374
8472.63;25600;1920;374
8474.68;25580;1940;374
8476.73;25520;9430;375
8478.78;25590;3120;375
8480.82;25570;5680;375
8482.87;25600;2520;375
8484.92;25630;570;376
8486.97;25650;-1320;376
8489.02;25660;-520;376
8491.06;25690;-2890;376
8493.11;25700;-2120;377
8495.16;25700;-820;377
8497.21;25620;5520;377
8499.26;25670;270;377
8501.30;25620;6270;377
8503.35;25500;16080;377
8505.40;25370;8270;377
8507.45;25360;31150;377
8509.50;25150;38060;377
8511.54;24800;67170;377
8513.59;24630;77270;377
8515.64;24350;81790;377
8517.69;24750;43780;378
8519.74;24830;35080;378
8521.78;24850;37580;378
8523.83;24850;37780;378
8525.88;24790;41860;380
8527.93;24610;62190;380
8529.98;24500;56410;380
8532.02;24230;76560;380
8534.07;24170;73920;382
8536.12;24020;77520;382
8538.17;23670;125530;382
8540.22;23380;104600;382
8542.26;23520;82670;385
8544.31;23510;76720;385
8546.36;23390;76800;385
8548.41;23300;79270;385
8550.46;23090;88720;390
8552.50;23160;58070;390
8554.55;24130;4800;390
8556.60;24230;1440;396
8558.65;24330;1400;396
8558.90;24330;1400;396
